0,1,2
-2.729287,52.860287,1.0
-2.729287,52.860287,2.0
-2.72925,52.860306,3.0
-2.729237,52.860317,4.0
-2.729227,52.860332,5.0
-2.729227,52.86031,6.0
-2.729233,52.860321,7.0
-2.72923,52.860317,8.0
-2.729225,52.860317,9.0
-2.729229,52.86031,10.0
-2.729225,52.860298,11.0
-2.729218,52.860294,12.0
-2.729215,52.86029,13.0
-2.72921,52.86029,14.0
-2.72921,52.860287,15.0
-2.729209,52.860287,16.0
-2.729202,52.860279,17.0
-2.729206,52.860279,18.0
-2.729201,52.860271,19.0
-2.729201,52.860271,20.0
-2.729195,52.860283,21.0
-2.729194,52.860283,22.0
-2.729193,52.860283,23.0
-2.72919,52.860287,24.0
-2.729191,52.860287,25.0
-2.729189,52.860287,26.0
-2.729189,52.860287,27.0
-2.729189,52.860287,28.0
-2.729189,52.860287,29.0
-2.729189,52.860287,30.0
-2.729188,52.860287,31.0
-2.72918,52.86029,32.0
-2.729178,52.860283,33.0
-2.729171,52.860283,34.0
-2.729168,52.860283,35.0
-2.729165,52.860283,36.0
-2.729166,52.860283,37.0
-2.729165,52.860283,38.0
-2.729165,52.860283,39.0
-2.729164,52.860283,40.0
-2.729164,52.860283,41.0
-2.729164,52.860283,42.0
-2.729166,52.860283,43.0
-2.729165,52.860283,44.0
-2.729163,52.860283,45.0
-2.729163,52.860283,46.0
-2.729162,52.860283,47.0
-2.729161,52.860283,48.0
-2.729157,52.860283,49.0
-2.729155,52.860283,50.0
-2.729153,52.860283,51.0
-2.729153,52.860283,52.0
-2.729152,52.860283,53.0
-2.729152,52.860283,54.0
-2.729152,52.860283,55.0
-2.729152,52.860283,56.0
-2.729152,52.860283,57.0
-2.729151,52.860283,58.0
-2.729152,52.860283,59.0
-2.729152,52.860283,60.0
-2.729153,52.860283,61.0
-2.729167,52.860283,62.0
-2.729169,52.860283,63.0
-2.729171,52.860283,64.0
-2.729171,52.860283,65.0
-2.729171,52.860283,66.0
-2.729172,52.860279,67.0
-2.729172,52.860279,68.0
-2.729172,52.860283,69.0
-2.729174,52.860287,70.0
-2.729173,52.860294,71.0
-2.729176,52.860294,72.0
-2.729176,52.860294,73.0
-2.729176,52.860294,74.0
-2.729176,52.860298,75.0
-2.729176,52.860298,76.0
-2.729178,52.860298,77.0
-2.729178,52.860294,78.0
-2.729177,52.860294,79.0
-2.729178,52.860294,80.0
-2.729178,52.860294,81.0
-2.729179,52.860294,82.0
-2.729178,52.860298,83.0
-2.729179,52.860298,84.0
-2.729179,52.860298,85.0
-2.729178,52.860294,86.0
-2.729178,52.860294,87.0
-2.729178,52.860294,88.0
-2.729178,52.860294,89.0
-2.729178,52.860294,90.0
-2.729178,52.860294,91.0
-2.729178,52.860294,92.0
-2.729178,52.860294,93.0
-2.72917,52.860298,94.0
-2.729156,52.860302,95.0
-2.729137,52.860302,96.0
-2.729116,52.860306,97.0
-2.729087,52.86031,98.0
-2.729048,52.860313,99.0
-2.72902,52.860313,100.0
-2.729006,52.860313,101.0
-2.729009,52.86031,102.0
-2.728999,52.86031,103.0
-2.728981,52.860306,104.0
-2.728948,52.860294,105.0
-2.728923,52.860271,106.0
-2.728912,52.860237,107.0
-2.7289,52.86021,108.0
-2.728891,52.860191,109.0
-2.728888,52.860176,110.0
-2.728889,52.860157,111.0
-2.728912,52.860126,112.0
-2.728952,52.8601,113.0
-2.729026,52.860077,114.0
-2.729115,52.860058,115.0
-2.729214,52.860035,116.0
-2.72933,52.860012,117.0
-2.72946,52.859985,118.0
-2.729598,52.859959,119.0
-2.729748,52.859928,120.0
-2.729905,52.859898,121.0
-2.730065,52.859859,122.0
-2.73022,52.859821,123.0
-2.730371,52.859779,124.0
-2.73052,52.859733,125.0
-2.730672,52.859688,126.0
-2.730819,52.859642,127.0
-2.730968,52.859592,128.0
-2.731121,52.859543,129.0
-2.731272,52.859493,130.0
-2.731425,52.859459,131.0
-2.731579,52.859436,132.0
-2.731736,52.859436,133.0
-2.731898,52.859436,134.0
-2.732055,52.859444,135.0
-2.732206,52.859447,136.0
-2.732338,52.859447,137.0
-2.732446,52.859451,138.0
-2.732532,52.859451,139.0
-2.732595,52.859451,140.0
-2.732635,52.859444,141.0
-2.732655,52.85944,142.0
-2.73267,52.859432,143.0
-2.732694,52.859421,144.0
-2.732715,52.859398,145.0
-2.732722,52.85936,146.0
-2.732717,52.85931,147.0
-2.732706,52.859253,148.0
-2.732697,52.859188,149.0
-2.732692,52.859112,150.0
-2.732686,52.859032,151.0
-2.732681,52.85894,152.0
-2.732678,52.858845,153.0
-2.732675,52.858745,154.0
-2.73267,52.858646,155.0
-2.732661,52.858539,156.0
-2.732642,52.858433,157.0
-2.732611,52.858322,158.0
-2.73257,52.858212,159.0
-2.732531,52.858105,160.0
-2.732495,52.85799,161.0
-2.732459,52.857876,162.0
-2.732422,52.857765,163.0
-2.732379,52.857651,164.0
-2.732325,52.85754,165.0
-2.732272,52.85743,166.0
-2.732221,52.857319,167.0
-2.732176,52.857204,168.0
-2.732141,52.857098,169.0
-2.73214,52.857071,170.0
-2.732161,52.856945,171.0
-2.732126,52.856819,172.0
-2.732122,52.856693,173.0
-2.732111,52.856571,174.0
-2.732077,52.856464,175.0
-2.73208,52.856361,176.0
-2.732066,52.856266,177.0
-2.732057,52.856182,178.0
-2.732047,52.856113,179.0
-2.732028,52.85606,180.0
-2.732029,52.856026,181.0
-2.732025,52.855995,182.0
-2.732028,52.85598,183.0
-2.732028,52.855972,184.0
-2.732023,52.855972,185.0
-2.732022,52.855972,186.0
-2.73202,52.855972,187.0
-2.732019,52.855972,188.0
-2.732018,52.855968,189.0
-2.732017,52.855968,190.0
-2.732017,52.855968,191.0
-2.732016,52.855968,192.0
-2.732016,52.855968,193.0
-2.732017,52.855968,194.0
-2.732017,52.855968,195.0
-2.732017,52.855968,196.0
-2.732017,52.855968,197.0
-2.732016,52.855961,198.0
-2.732021,52.855953,199.0
-2.732023,52.855945,200.0
-2.732028,52.855934,201.0
-2.732055,52.855919,202.0
-2.732112,52.855911,203.0
-2.732191,52.855907,204.0
-2.732276,52.855911,205.0
-2.732379,52.855919,206.0
-2.732493,52.855919,207.0
-2.732625,52.855927,208.0
-2.732758,52.855945,209.0
-2.732892,52.855968,210.0
-2.733032,52.855999,211.0
-2.733175,52.856041,212.0
-2.733313,52.856087,213.0
-2.733448,52.856144,214.0
-2.733587,52.856209,215.0
-2.733732,52.856274,216.0
-2.733887,52.856346,217.0
-2.734047,52.856415,218.0
-2.73422,52.856483,219.0
-2.734404,52.856548,220.0
-2.734599,52.856609,221.0
-2.734805,52.85667,222.0
-2.735023,52.856728,223.0
-2.735247,52.856789,224.0
-2.735477,52.856838,225.0
-2.735712,52.85688,226.0
-2.735946,52.856907,227.0
-2.736176,52.856926,228.0
-2.736399,52.85693,229.0
-2.736625,52.856918,230.0
-2.736841,52.856895,231.0
-2.737055,52.856865,232.0
-2.737271,52.856842,233.0
-2.737491,52.856831,234.0
-2.737717,52.856834,235.0
-2.73794,52.856853,236.0
-2.738172,52.856884,237.0
-2.738405,52.856922,238.0
-2.738644,52.85696,239.0
-2.73889,52.857002,240.0
-2.739143,52.85704,241.0
-2.739402,52.857079,242.0
-2.739666,52.857124,243.0
-2.73993,52.85717,244.0
-2.740188,52.857227,245.0
-2.740445,52.857281,246.0
-2.740699,52.857334,247.0
-2.740948,52.857388,248.0
-2.741193,52.857441,249.0
-2.741434,52.857502,250.0
-2.741671,52.857559,251.0
-2.741907,52.85762,252.0
-2.742145,52.857685,253.0
-2.742384,52.857746,254.0
-2.742625,52.857807,255.0
-2.742866,52.857864,256.0
-2.743108,52.857925,257.0
-2.743348,52.857983,258.0
-2.743588,52.858036,259.0
-2.743829,52.858086,260.0
-2.744067,52.858131,261.0
-2.744305,52.858166,262.0
-2.744543,52.8582,263.0
-2.744778,52.858242,264.0
-2.745018,52.858292,265.0
-2.745253,52.858345,266.0
-2.745481,52.858406,267.0
-2.745704,52.858475,268.0
-2.745925,52.858547,269.0
-2.746142,52.858627,270.0
-2.746362,52.858704,271.0
-2.746584,52.858768,272.0
-2.746809,52.858841,273.0
-2.747026,52.858913,274.0
-2.747236,52.859001,275.0
-2.747421,52.859089,276.0
-2.747594,52.859192,277.0
-2.747774,52.859291,278.0
-2.747971,52.859379,279.0
-2.74819,52.859447,280.0
-2.748409,52.859508,281.0
-2.748623,52.859566,282.0
-2.748826,52.859634,283.0
-2.749001,52.859722,284.0
-2.749063,52.859764,285.0
-2.749234,52.859875,286.0
-2.749406,52.860001,287.0
-2.749543,52.860123,288.0
-2.749717,52.860233,289.0
-2.749894,52.86034,290.0
-2.75007,52.860428,291.0
-2.750268,52.8605,292.0
-2.750457,52.860565,293.0
-2.750681,52.860599,294.0
-2.750907,52.860638,295.0
-2.75115,52.860668,296.0
-2.751402,52.860703,297.0
-2.751649,52.860741,298.0
-2.751902,52.860783,299.0
-2.752159,52.860832,300.0
-2.752428,52.860882,301.0
-2.752685,52.860943,302.0
-2.752944,52.861011,303.0
-2.753194,52.861076,304.0
-2.753453,52.861149,305.0
-2.753688,52.86124,306.0
-2.7539,52.861343,307.0
-2.754094,52.861462,308.0
-2.754273,52.861591,309.0
-2.754449,52.861729,310.0
-2.754624,52.86187,311.0
-2.754803,52.862015,312.0
-2.754976,52.862156,313.0
-2.755152,52.862289,314.0
-2.755344,52.862419,315.0
-2.755555,52.862537,316.0
-2.75578,52.86264,317.0
-2.75602,52.862736,318.0
-2.756252,52.862827,319.0
-2.756468,52.862926,320.0
-2.756662,52.863041,321.0
-2.75684,52.863163,322.0
-2.757012,52.863281,323.0
-2.757173,52.863396,324.0
-2.757334,52.86351,325.0
-2.757495,52.863617,326.0
-2.757653,52.863708,327.0
-2.757802,52.863789,328.0
-2.757961,52.863842,329.0
-2.758134,52.863876,330.0
-2.758322,52.863888,331.0
-2.758517,52.863884,332.0
-2.75872,52.863872,333.0
-2.758928,52.863853,334.0
-2.759143,52.863834,335.0
-2.759363,52.863815,336.0
-2.759586,52.863804,337.0
-2.759812,52.863804,338.0
-2.760029,52.863819,339.0
-2.760243,52.863853,340.0
-2.760445,52.863911,341.0
-2.760646,52.863979,342.0
-2.760853,52.864048,343.0
-2.761059,52.864113,344.0
-2.761263,52.864185,345.0
-2.761475,52.864258,346.0
-2.761709,52.864311,347.0
-2.761954,52.864357,348.0
-2.76221,52.864384,349.0
-2.76247,52.86441,350.0
-2.762735,52.864437,351.0
-2.763001,52.864468,352.0
-2.763263,52.864498,353.0
-2.763511,52.86454,354.0
-2.763746,52.86459,355.0
-2.763964,52.864658,356.0
-2.764167,52.864746,357.0
-2.764357,52.864849,358.0
-2.764544,52.864956,359.0
-2.764744,52.865066,360.0
-2.764952,52.865173,361.0
-2.765166,52.865284,362.0
-2.765386,52.865391,363.0
-2.765612,52.865494,364.0
-2.765838,52.865597,365.0
-2.766056,52.865704,366.0
-2.76626,52.865822,367.0
-2.766457,52.865944,368.0
-2.766651,52.86607,369.0
-2.766849,52.866196,370.0
-2.767054,52.866314,371.0
-2.76726,52.866421,372.0
-2.767466,52.866524,373.0
-2.767667,52.866627,374.0
-2.767858,52.866734,375.0
-2.768034,52.866852,376.0
-2.768209,52.866966,377.0
-2.768378,52.867084,378.0
-2.768547,52.867199,379.0
-2.768739,52.867309,380.0
-2.768942,52.867409,381.0
-2.769152,52.867512,382.0
-2.769372,52.867618,383.0
-2.769594,52.867725,384.0
-2.769814,52.867836,385.0
-2.770033,52.86795,386.0
-2.770246,52.868069,387.0
-2.77046,52.868191,388.0
-2.770671,52.868317,389.0
-2.770879,52.868443,390.0
-2.771081,52.868572,391.0
-2.771292,52.868687,392.0
-2.771513,52.86879,393.0
-2.771749,52.868881,394.0
-2.771982,52.868961,395.0
-2.772212,52.869041,396.0
-2.772435,52.869125,397.0
-2.772651,52.869221,398.0
-2.772862,52.86932,399.0
-2.77307,52.86943,400.0
-2.773272,52.869537,401.0
-2.773478,52.869644,402.0
-2.77369,52.869751,403.0
-2.773902,52.86985,404.0
-2.774131,52.869934,405.0
-2.774354,52.870014,406.0
-2.774568,52.870102,407.0
-2.774775,52.870197,408.0
-2.774971,52.870312,409.0
-2.775161,52.87043,410.0
-2.775354,52.870552,411.0
-2.775553,52.870674,412.0
-2.775761,52.870796,413.0
-2.775973,52.870911,414.0
-2.776186,52.871014,415.0
-2.776394,52.871113,416.0
-2.776592,52.871216,417.0
-2.776778,52.871323,418.0
-2.776945,52.871437,419.0
-2.777,52.87146,420.0
-2.777171,52.871609,421.0
-2.777327,52.871746,422.0
-2.777495,52.871872,423.0
-2.777685,52.871986,424.0
-2.77789,52.872105,425.0
-2.778089,52.872219,426.0
-2.778268,52.872326,427.0
-2.778433,52.87244,428.0
-2.778584,52.872562,429.0
-2.77873,52.872688,430.0
-2.77887,52.87281,431.0
-2.779009,52.872932,432.0
-2.779158,52.873043,433.0
-2.779326,52.87315,434.0
-2.779508,52.873245,435.0
-2.779706,52.873333,436.0
-2.779914,52.873413,437.0
-2.780123,52.873493,438.0
-2.780344,52.873569,439.0
-2.78055,52.873646,440.0
-2.780744,52.873718,441.0
-2.78092,52.873795,442.0
-2.781073,52.873875,443.0
-2.781208,52.873959,444.0
-2.781321,52.874058,445.0
-2.781425,52.874172,446.0
-2.781522,52.874294,447.0
-2.781616,52.874424,448.0
-2.781706,52.874557,449.0
-2.781801,52.874699,450.0
-2.781897,52.874847,451.0
-2.782003,52.874992,452.0
-2.782109,52.875137,453.0
-2.782212,52.875278,454.0
-2.782313,52.875416,455.0
-2.782405,52.875542,456.0
-2.782498,52.875664,457.0
-2.782586,52.87579,458.0
-2.782687,52.875904,459.0
-2.782802,52.876026,460.0
-2.782916,52.876148,461.0
-2.783031,52.876274,462.0
-2.783147,52.876404,463.0
-2.783264,52.876537,464.0
-2.783386,52.876675,465.0
-2.783509,52.876812,466.0
-2.78363,52.876957,467.0
-2.783756,52.877102,468.0
-2.783886,52.877247,469.0
-2.784016,52.877392,470.0
-2.784146,52.877537,471.0
-2.784278,52.877678,472.0
-2.78441,52.877815,473.0
-2.78453,52.877949,474.0
-2.784639,52.878082,475.0
-2.784729,52.878223,476.0
-2.784798,52.878376,477.0
-2.784845,52.878529,478.0
-2.784883,52.878693,479.0
-2.784918,52.87886,480.0
-2.784949,52.879024,481.0
-2.784979,52.879192,482.0
-2.78501,52.879356,483.0
-2.785042,52.87952,484.0
-2.785076,52.879684,485.0
-2.785115,52.879848,486.0
-2.78516,52.880005,487.0
-2.785199,52.880161,488.0
-2.785225,52.880314,489.0
-2.785241,52.880463,490.0
-2.785266,52.880615,491.0
-2.785306,52.880764,492.0
-2.785368,52.880909,493.0
-2.785447,52.881054,494.0
-2.785538,52.881203,495.0
-2.785643,52.881351,496.0
-2.78575,52.881504,497.0
-2.785863,52.881653,498.0
-2.785975,52.881798,499.0
-2.786086,52.881939,500.0
-2.786201,52.882076,501.0
-2.786312,52.882213,502.0
-2.786418,52.882351,503.0
-2.786493,52.882488,504.0
-2.786546,52.882626,505.0
-2.786568,52.882778,506.0
-2.786572,52.882934,507.0
-2.786577,52.883095,508.0
-2.786577,52.883255,509.0
-2.786588,52.883419,510.0
-2.78659,52.883587,511.0
-2.78661,52.883755,512.0
-2.786641,52.883926,513.0
-2.786666,52.884094,514.0
-2.786706,52.884258,515.0
-2.786744,52.884422,516.0
-2.786789,52.884583,517.0
-2.786838,52.884735,518.0
-2.786898,52.884884,519.0
-2.786966,52.885029,520.0
-2.787043,52.88517,521.0
-2.787125,52.885311,522.0
-2.787205,52.885452,523.0
-2.787301,52.885582,524.0
-2.787402,52.885708,525.0
-2.787526,52.885822,526.0
-2.787668,52.885933,527.0
-2.787823,52.88604,528.0
-2.787994,52.886147,529.0
-2.788173,52.886261,530.0
-2.788356,52.886364,531.0
-2.788546,52.886467,532.0
-2.788733,52.886574,533.0
-2.788905,52.886688,534.0
-2.789067,52.886818,535.0
-2.789214,52.886951,536.0
-2.789366,52.887085,537.0
-2.789534,52.887215,538.0
-2.789725,52.887325,539.0
-2.789925,52.887428,540.0
-2.790133,52.88752,541.0
-2.790338,52.887619,542.0
-2.790545,52.88771,543.0
-2.790742,52.887806,544.0
-2.790927,52.887901,545.0
-2.791096,52.888,546.0
-2.791252,52.888103,547.0
-2.791399,52.888206,548.0
-2.791536,52.888313,549.0
-2.791672,52.888416,550.0
-2.791791,52.888515,551.0
-2.79188,52.888622,552.0
-2.791937,52.888737,553.0
-2.791965,52.888863,554.0
-2.791967,52.888992,555.0
-2.791963,52.889122,556.0
-2.79197,52.889255,557.0
-2.791988,52.889381,558.0
-2.792015,52.889503,559.0
-2.792057,52.889622,560.0
-2.792115,52.88974,561.0
-2.792195,52.889851,562.0
-2.792291,52.889961,563.0
-2.792404,52.890072,564.0
-2.792522,52.890175,565.0
-2.792627,52.890282,566.0
-2.792714,52.890392,567.0
-2.792783,52.89051,568.0
-2.792847,52.890636,569.0
-2.79292,52.890758,570.0
-2.793013,52.890881,571.0
-2.793123,52.890999,572.0
-2.793238,52.891121,573.0
-2.793358,52.891247,574.0
-2.793482,52.891376,575.0
-2.793609,52.89151,576.0
-2.793736,52.891647,577.0
-2.793866,52.891785,578.0
-2.793995,52.89193,579.0
-2.794119,52.892074,580.0
-2.794239,52.892223,581.0
-2.794351,52.892376,582.0
-2.794463,52.892528,583.0
-2.794573,52.892677,584.0
-2.79468,52.892826,585.0
-2.794786,52.892967,586.0
-2.794888,52.893112,587.0
-2.794992,52.89325,588.0
-2.795105,52.893383,589.0
-2.795224,52.893513,590.0
-2.795348,52.893635,591.0
-2.795473,52.893745,592.0
-2.795597,52.893841,593.0
-2.795721,52.893929,594.0
-2.795847,52.894005,595.0
-2.795974,52.894081,596.0
-2.796101,52.894157,597.0
-2.796227,52.89423,598.0
-2.796355,52.894302,599.0
-2.796483,52.894379,600.0
-2.796617,52.894447,601.0
-2.796753,52.89452,602.0
-2.796893,52.894588,603.0
-2.797029,52.894657,604.0
-2.79717,52.894718,605.0
-2.797322,52.894771,606.0
-2.797472,52.89481,607.0
-2.797804,52.894848,608.0
-2.797804,52.894848,609.0
-2.797971,52.894848,610.0
-2.798135,52.894848,611.0
-2.7983,52.894848,612.0
-2.798463,52.894855,613.0
-2.798631,52.894867,614.0
-2.798798,52.894886,615.0
-2.798966,52.894905,616.0
-2.799133,52.894928,617.0
-2.799296,52.894951,618.0
-2.799453,52.894978,619.0
-2.799598,52.895019,620.0
-2.799742,52.895061,621.0
-2.799887,52.895115,622.0
-2.800031,52.895176,623.0
-2.800171,52.895241,624.0
-2.800307,52.895306,625.0
-2.800432,52.89537,626.0
-2.800538,52.895439,627.0
-2.800636,52.895512,628.0
-2.80072,52.895595,629.0
-2.800792,52.895687,630.0
-2.80085,52.895782,631.0
-2.800881,52.895878,632.0
-2.80089,52.895973,633.0
-2.800879,52.896068,634.0
-2.800865,52.896152,635.0
-2.800866,52.896229,636.0
-2.800888,52.896301,637.0
-2.800928,52.896381,638.0
-2.800997,52.896454,639.0
-2.801098,52.896515,640.0
-2.801213,52.896572,641.0
-2.801337,52.896633,642.0
-2.801459,52.896698,643.0
-2.801585,52.896774,644.0
-2.80171,52.896854,645.0
-2.801833,52.896942,646.0
-2.801951,52.897041,647.0
-2.802064,52.897148,648.0
-2.80218,52.897259,649.0
-2.802299,52.897377,650.0
-2.802418,52.897499,651.0
-2.802538,52.897625,652.0
-2.802664,52.897755,653.0
-2.802793,52.897884,654.0
-2.802923,52.898014,655.0
-2.803064,52.89814,656.0
-2.803225,52.898262,657.0
-2.803404,52.898373,658.0
-2.803588,52.898487,659.0
-2.803761,52.898605,660.0
-2.803918,52.898727,661.0
-2.80407,52.898857,662.0
-2.804225,52.898983,663.0
-2.804394,52.899105,664.0
-2.804573,52.899216,665.0
-2.804763,52.899319,666.0
-2.804963,52.899399,667.0
-2.80519,52.899448,668.0
-2.805415,52.89949,669.0
-2.805645,52.899521,670.0
-2.805876,52.899544,671.0
-2.806104,52.899559,672.0
-2.806329,52.899574,673.0
-2.806552,52.899597,674.0
-2.806774,52.899631,675.0
-2.806995,52.899673,676.0
-2.807216,52.899723,677.0
-2.807438,52.899784,678.0
-2.807662,52.899845,679.0
-2.807888,52.89991,680.0
-2.80812,52.899971,681.0
-2.808348,52.900036,682.0
-2.808573,52.900108,683.0
-2.80879,52.900177,684.0
-2.809009,52.900257,685.0
-2.809223,52.900345,686.0
-2.809429,52.90044,687.0
-2.809634,52.900543,688.0
-2.809835,52.900646,689.0
-2.810035,52.900753,690.0
-2.810235,52.900856,691.0
-2.81067,52.901047,692.0
-2.81067,52.901047,693.0
-2.810902,52.901138,694.0
-2.811137,52.901226,695.0
-2.811372,52.90131,696.0
-2.811605,52.901401,697.0
-2.811833,52.901493,698.0
-2.81206,52.901588,699.0
-2.812284,52.901684,700.0
-2.812505,52.901783,701.0
-2.81272,52.901882,702.0
-2.812931,52.901981,703.0
-2.813138,52.90208,704.0
-2.81334,52.902176,705.0
-2.813535,52.902271,706.0
-2.813728,52.902363,707.0
-2.813901,52.902462,708.0
-2.814048,52.902569,709.0
-2.814178,52.902683,710.0
-2.814318,52.902798,711.0
-2.814472,52.902904,712.0
-2.81465,52.903,713.0
-2.814843,52.903091,714.0
-2.815052,52.903171,715.0
-2.815264,52.903248,716.0
-2.815471,52.903324,717.0
-2.815666,52.903404,718.0
-2.815846,52.903496,719.0
-2.816019,52.90358,720.0
-2.816188,52.903667,721.0
-2.816356,52.903751,722.0
-2.816521,52.903843,723.0
-2.816681,52.903931,724.0
-2.816839,52.904018,725.0
-2.817008,52.904099,726.0
-2.817188,52.904171,727.0
-2.817373,52.904232,728.0
-2.817556,52.904289,729.0
-2.817728,52.904335,730.0
-2.817884,52.904385,731.0
-2.818036,52.904438,732.0
-2.818185,52.904499,733.0
-2.818341,52.90456,734.0
-2.818507,52.904625,735.0
-2.818677,52.904686,736.0
-2.818855,52.904755,737.0
-2.819042,52.904819,738.0
-2.819237,52.90488,739.0
-2.81944,52.904941,740.0
-2.819647,52.904999,741.0
-2.81986,52.905064,742.0
-2.820085,52.905128,743.0
-2.820315,52.905193,744.0
-2.820549,52.905262,745.0
-2.820784,52.905327,746.0
-2.821013,52.905392,747.0
-2.821238,52.90546,748.0
-2.82146,52.905529,749.0
-2.821676,52.905598,750.0
-2.821889,52.905666,751.0
-2.822103,52.905739,752.0
-2.822318,52.905807,753.0
-2.822529,52.905872,754.0
-2.822739,52.905941,755.0
-2.822941,52.90601,756.0
-2.823141,52.906075,757.0
-2.823333,52.906139,758.0
-2.823516,52.9062,759.0
-2.823702,52.906254,760.0
-2.823892,52.906288,761.0
-2.824083,52.906319,762.0
-2.824276,52.906342,763.0
-2.824474,52.906357,764.0
-2.82467,52.906372,765.0
-2.824871,52.906383,766.0
-2.825079,52.906395,767.0
-2.825277,52.906414,768.0
-2.825483,52.906444,769.0
-2.82569,52.906471,770.0
-2.825916,52.906509,771.0
-2.826141,52.906559,772.0
-2.82636,52.906608,773.0
-2.826593,52.906658,774.0
-2.826814,52.906712,775.0
-2.827017,52.906769,776.0
-2.827208,52.906822,777.0
-2.827386,52.906876,778.0
-2.827558,52.906925,779.0
-2.827724,52.906986,780.0
-2.82789,52.907055,781.0
-2.828057,52.907127,782.0
-2.828236,52.9072,783.0
-2.828411,52.907261,784.0
-2.828609,52.907318,785.0
-2.828812,52.907352,786.0
-2.829019,52.907372,787.0
-2.829234,52.907379,788.0
-2.829449,52.907383,789.0
-2.829661,52.90739,790.0
-2.829861,52.907402,791.0
-2.830064,52.907421,792.0
-2.830257,52.907448,793.0
-2.830433,52.907474,794.0
-2.830585,52.907505,795.0
-2.830715,52.907539,796.0
-2.830823,52.90757,797.0
-2.830915,52.907593,798.0
-2.830985,52.907608,799.0
-2.831033,52.907623,800.0
-2.831078,52.907635,801.0
-2.831109,52.907646,802.0
-2.831132,52.907646,803.0
-2.831138,52.907646,804.0
-2.831139,52.90765,805.0
-2.831139,52.90765,806.0
-2.831139,52.90765,807.0
-2.831152,52.907654,808.0
-2.831189,52.907661,809.0
-2.831241,52.907684,810.0
-2.83132,52.907707,811.0
-2.831415,52.90773,812.0
-2.831524,52.907757,813.0
-2.831581,52.907764,814.0
-2.831745,52.907791,815.0
-2.831901,52.907822,816.0
-2.832056,52.90786,817.0
-2.832218,52.907883,818.0
-2.832383,52.907921,819.0
-2.832555,52.907955,820.0
-2.832722,52.907993,821.0
-2.832869,52.908039,822.0
-2.833016,52.9081,823.0
-2.833182,52.90815,824.0
-2.833345,52.908214,825.0
-2.833511,52.908276,826.0
-2.833688,52.90834,827.0
-2.83387,52.908401,828.0
-2.834054,52.908466,829.0
-2.834239,52.908524,830.0
-2.83442,52.908585,831.0
-2.8346,52.908642,832.0
-2.834774,52.908699,833.0
-2.83492,52.908745,834.0
-2.835047,52.908787,835.0
-2.83515,52.90884,836.0
-2.835222,52.908905,837.0
-2.83525,52.908993,838.0
-2.835264,52.909081,839.0
-2.83527,52.909183,840.0
-2.835252,52.909275,841.0
-2.83524,52.90937,842.0
-2.835238,52.909454,843.0
-2.835245,52.909534,844.0
-2.835285,52.909607,845.0
-2.835353,52.909679,846.0
-2.835457,52.909737,847.0
-2.835507,52.909752,848.0
-2.835659,52.909798,849.0
-2.835841,52.909821,850.0
-2.836027,52.90984,851.0
-2.836213,52.909859,852.0
-2.836401,52.909878,853.0
-2.836595,52.909889,854.0
-2.836796,52.909893,855.0
-2.836997,52.909897,856.0
-2.837196,52.909897,857.0
-2.837389,52.909897,858.0
-2.837569,52.909889,859.0
-2.837746,52.909881,860.0
-2.837915,52.909874,861.0
-2.838071,52.90987,862.0
-2.838203,52.909866,863.0
-2.838315,52.909866,864.0
-2.8384,52.909866,865.0
-2.838457,52.909866,866.0
-2.838491,52.909866,867.0
-2.838527,52.909866,868.0
-2.838582,52.909863,869.0
-2.838653,52.909851,870.0
-2.838736,52.909828,871.0
-2.838829,52.909805,872.0
-2.838933,52.909779,873.0
-2.839054,52.909759,874.0
-2.839203,52.90974,875.0
-2.839344,52.909714,876.0
-2.839498,52.909698,877.0
-2.83965,52.909675,878.0
-2.839808,52.90966,879.0
-2.839964,52.909653,880.0
-2.840122,52.909645,881.0
-2.840274,52.909645,882.0
-2.840429,52.909637,883.0
-2.840585,52.909634,884.0
-2.840749,52.909626,885.0
-2.840915,52.909603,886.0
-2.841078,52.909573,887.0
-2.841243,52.909538,888.0
-2.841405,52.909504,889.0
-2.841566,52.909462,890.0
-2.841736,52.909424,891.0
-2.84189,52.909378,892.0
-2.842041,52.909328,893.0
-2.842193,52.909283,894.0
-2.842344,52.909237,895.0
-2.842502,52.909199,896.0
-2.842642,52.909164,897.0
-2.842783,52.909141,898.0
-2.842924,52.909119,899.0
-2.843051,52.909107,900.0
-2.843192,52.909096,901.0
-2.843322,52.909103,902.0
-2.843468,52.909126,903.0
-2.843607,52.909145,904.0
-2.843753,52.909161,905.0
-2.843904,52.909161,906.0
-2.84405,52.909157,907.0
-2.844195,52.909138,908.0
-2.844344,52.909103,909.0
-2.844502,52.909058,910.0
-2.844666,52.909023,911.0
-2.844836,52.909004,912.0
-2.845017,52.908985,913.0
-2.845201,52.908974,914.0
-2.845389,52.908974,915.0
-2.845579,52.908977,916.0
-2.845766,52.908977,917.0
-2.845958,52.908958,918.0
-2.846159,52.908916,919.0
-2.846346,52.908871,920.0
-2.846527,52.908813,921.0
-2.846708,52.908752,922.0
-2.846878,52.908687,923.0
-2.847047,52.908623,924.0
-2.847217,52.908558,925.0
-2.847382,52.908482,926.0
-2.847536,52.908394,927.0
-2.847675,52.908295,928.0
-2.8478,52.908184,929.0
-2.847917,52.908066,930.0
-2.84803,52.907944,931.0
-2.848129,52.907822,932.0
-2.848214,52.907696,933.0
-2.848287,52.907566,934.0
-2.848352,52.907436,935.0
-2.848406,52.907307,936.0
-2.848452,52.907173,937.0
-2.848503,52.907043,938.0
-2.848578,52.90691,939.0
-2.84867,52.906784,940.0
-2.848784,52.906658,941.0
-2.848911,52.90654,942.0
-2.849038,52.906418,943.0
-2.849172,52.9063,944.0
-2.849326,52.906181,945.0
-2.849488,52.906075,946.0
-2.849658,52.905968,947.0
-2.849836,52.905865,948.0
-2.850025,52.905769,949.0
-2.850224,52.905685,950.0
-2.850427,52.905605,951.0
-2.850624,52.905525,952.0
-2.850821,52.905441,953.0
-2.851015,52.905353,954.0
-2.851205,52.905262,955.0
-2.851399,52.90517,956.0
-2.851606,52.905087,957.0
-2.851825,52.905014,958.0
-2.85205,52.904953,959.0
-2.852278,52.904892,960.0
-2.852517,52.904831,961.0
-2.852761,52.904781,962.0
-2.853018,52.904732,963.0
-2.85328,52.904678,964.0
-2.853542,52.904629,965.0
-2.853807,52.904575,966.0
-2.854064,52.90453,967.0
-2.854315,52.904476,968.0
-2.854559,52.904426,969.0
-2.854801,52.904377,970.0
-2.855032,52.904335,971.0
-2.85526,52.904289,972.0
-2.855489,52.904251,973.0
-2.855736,52.904217,974.0
-2.855989,52.904186,975.0
-2.856255,52.904156,976.0
-2.856528,52.904133,977.0
-2.856804,52.904114,978.0
-2.857077,52.904099,979.0
-2.857345,52.904087,980.0
-2.857606,52.904083,981.0
-2.857862,52.904079,982.0
-2.858112,52.904064,983.0
-2.858362,52.904041,984.0
-2.858601,52.904007,985.0
-2.858833,52.903973,986.0
-2.859063,52.903938,987.0
-2.859284,52.903915,988.0
-2.859501,52.9039,989.0
-2.859719,52.903904,990.0
-2.859939,52.903919,991.0
-2.860158,52.903957,992.0
-2.860375,52.904003,993.0
-2.860598,52.904045,994.0
-2.860826,52.904079,995.0
-2.86105,52.904106,996.0
-2.861257,52.904102,997.0
-2.861453,52.90406,998.0
-2.861627,52.904026,999.0
-2.861789,52.903946,1000.0
-2.861916,52.903854,1001.0
-2.862031,52.903748,1002.0
-2.862126,52.903656,1003.0
-2.862202,52.903572,1004.0
-2.862267,52.903507,1005.0
-2.86231,52.903469,1006.0
-2.862341,52.903435,1007.0
-2.862364,52.903404,1008.0
-2.862383,52.903389,1009.0
-2.862388,52.903381,1010.0
-2.862388,52.903381,1011.0
-2.862388,52.903385,1012.0
-2.86239,52.903385,1013.0
-2.862391,52.903385,1014.0
-2.862391,52.903385,1015.0
-2.862391,52.903385,1016.0
-2.86239,52.903381,1017.0
-2.862385,52.903374,1018.0
-2.862379,52.903374,1019.0
-2.862375,52.903374,1020.0
-2.862374,52.903374,1021.0
-2.862364,52.903374,1022.0
-2.862375,52.903366,1023.0
-2.862375,52.903362,1024.0
-2.862385,52.90337,1025.0
-2.862391,52.90337,1026.0
-2.862393,52.90337,1027.0
-2.862395,52.903374,1028.0
-2.86241,52.903377,1029.0
-2.86241,52.903385,1030.0
-2.862391,52.903385,1031.0
-2.862402,52.903385,1032.0
-2.862413,52.903381,1033.0
-2.862413,52.903381,1034.0
-2.862411,52.903374,1035.0
-2.86241,52.903385,1036.0
-2.862404,52.903385,1037.0
-2.862401,52.903389,1038.0
-2.862394,52.903381,1039.0
-2.862389,52.903389,1040.0
-2.862386,52.903385,1041.0
-2.862396,52.90337,1042.0
-2.862429,52.903355,1043.0
-2.862479,52.903339,1044.0
-2.862534,52.903316,1045.0
-2.862615,52.903278,1046.0
-2.862688,52.903229,1047.0
-2.862772,52.903183,1048.0
-2.862863,52.903122,1049.0
-2.862972,52.903069,1050.0
-2.863085,52.902996,1051.0
-2.863193,52.902923,1052.0
-2.863328,52.90284,1053.0
-2.863444,52.902756,1054.0
-2.86354,52.902668,1055.0
-2.863625,52.902588,1056.0
-2.863719,52.902519,1057.0
-2.863835,52.902462,1058.0
-2.863876,52.902451,1059.0
-2.864052,52.902431,1060.0
-2.864253,52.902412,1061.0
-2.864454,52.902405,1062.0
-2.864677,52.902397,1063.0
-2.864897,52.902386,1064.0
-2.865112,52.902397,1065.0
-2.865319,52.902443,1066.0
-2.865525,52.902496,1067.0
-2.865729,52.902561,1068.0
-2.86594,52.90263,1069.0
-2.86617,52.902687,1070.0
-2.866396,52.902733,1071.0
-2.866624,52.902767,1072.0
-2.86684,52.902817,1073.0
-2.867054,52.90287,1074.0
-2.867252,52.902935,1075.0
-2.867465,52.902992,1076.0
-2.867677,52.903049,1077.0
-2.867894,52.903095,1078.0
-2.868124,52.903126,1079.0
-2.868359,52.903141,1080.0
-2.868597,52.903145,1081.0
-2.868842,52.903152,1082.0
-2.86909,52.90316,1083.0
-2.869337,52.903164,1084.0
-2.86959,52.903171,1085.0
-2.869842,52.903187,1086.0
-2.870097,52.903191,1087.0
-2.870353,52.903202,1088.0
-2.870875,52.903217,1089.0
-2.870875,52.903217,1090.0
-2.872045,52.903183,1091.0
-2.873079,52.902767,1092.0
-2.873079,52.902767,1093.0
-2.873079,52.902767,1094.0
-2.873079,52.902767,1095.0
-2.873079,52.902767,1096.0
-2.873079,52.902767,1097.0
-2.873079,52.902767,1098.0
-2.873079,52.902767,1099.0
-2.873079,52.902767,1100.0
-2.87323,52.902645,1101.0
-2.873364,52.902512,1102.0
-2.873453,52.902367,1103.0
-2.873515,52.902218,1104.0
-2.873562,52.902061,1105.0
-2.873596,52.901901,1106.0
-2.873618,52.901737,1107.0
-2.873636,52.901577,1108.0
-2.873645,52.901432,1109.0
-2.873664,52.901295,1110.0
-2.873702,52.901184,1111.0
-2.873775,52.901066,1112.0
-2.873896,52.900959,1113.0
-2.874028,52.900867,1114.0
-2.874173,52.900787,1115.0
-2.874328,52.900723,1116.0
-2.874483,52.900661,1117.0
-2.874631,52.900627,1118.0
-2.874771,52.900597,1119.0
-2.87491,52.900577,1120.0
-2.875037,52.900558,1121.0
-2.87514,52.900543,1122.0
-2.875214,52.900524,1123.0
-2.87526,52.900513,1124.0
-2.875285,52.900505,1125.0
-2.875303,52.900501,1126.0
-2.875339,52.900494,1127.0
-2.87539,52.900494,1128.0
-2.875449,52.90052,1129.0
-2.875495,52.900532,1130.0
-2.875564,52.900581,1131.0
-2.875648,52.90065,1132.0
-2.875757,52.900715,1133.0
-2.875889,52.900768,1134.0
-2.876034,52.900818,1135.0
-2.876189,52.900875,1136.0
-2.876336,52.900928,1137.0
-2.876496,52.900982,1138.0
-2.87667,52.901039,1139.0
-2.876845,52.901108,1140.0
-2.877018,52.901196,1141.0
-2.877203,52.901279,1142.0
-2.877384,52.901356,1143.0
-2.877568,52.901436,1144.0
-2.877757,52.901508,1145.0
-2.877959,52.901577,1146.0
-2.878171,52.901649,1147.0
-2.87838,52.901718,1148.0
-2.878596,52.901783,1149.0
-2.878811,52.901844,1150.0
-2.879013,52.901905,1151.0
-2.879202,52.901966,1152.0
-2.879404,52.902031,1153.0
-2.879588,52.902103,1154.0
-2.87976,52.902183,1155.0
-2.879929,52.902267,1156.0
-2.8801,52.902363,1157.0
-2.880269,52.902462,1158.0
-2.880429,52.902561,1159.0
-2.880579,52.902664,1160.0
-2.880723,52.902767,1161.0
-2.880854,52.90287,1162.0
-2.880983,52.902981,1163.0
-2.881114,52.903095,1164.0
-2.881247,52.90321,1165.0
-2.88138,52.903328,1166.0
-2.88151,52.903446,1167.0
-2.881637,52.903568,1168.0
-2.881753,52.903698,1169.0
-2.881864,52.903824,1170.0
-2.881965,52.903938,1171.0
-2.882064,52.90406,1172.0
-2.882154,52.904186,1173.0
-2.882242,52.904297,1174.0
-2.882353,52.904415,1175.0
-2.882497,52.904507,1176.0
-2.882547,52.904522,1177.0
-2.88276,52.90461,1178.0
-2.882989,52.904674,1179.0
-2.883243,52.904785,1180.0
-2.883514,52.904861,1181.0
-2.883727,52.904915,1182.0
-2.883944,52.904972,1183.0
-2.884151,52.905029,1184.0
-2.884341,52.905098,1185.0
-2.884507,52.905182,1186.0
-2.88465,52.905273,1187.0
-2.884778,52.905376,1188.0
-2.884888,52.905483,1189.0
-2.884987,52.905605,1190.0
-2.885074,52.905724,1191.0
-2.885159,52.905842,1192.0
-2.885254,52.905952,1193.0
-2.885353,52.906063,1194.0
-2.885475,52.906158,1195.0
-2.885616,52.90625,1196.0
-2.885763,52.906338,1197.0
-2.885914,52.906422,1198.0
-2.886068,52.906506,1199.0
-2.886222,52.90659,1200.0
-2.886375,52.90667,1201.0
-2.886526,52.90675,1202.0
-2.886675,52.906834,1203.0
-2.886822,52.906921,1204.0
-2.886979,52.907001,1205.0
-2.887131,52.907082,1206.0
-2.887285,52.907165,1207.0
-2.887442,52.907249,1208.0
-2.887596,52.907326,1209.0
-2.88774,52.907402,1210.0
-2.887882,52.907478,1211.0
-2.888024,52.907547,1212.0
-2.888162,52.907616,1213.0
-2.888308,52.907673,1214.0
-2.88846,52.907726,1215.0
-2.888616,52.907764,1216.0
-2.888765,52.907799,1217.0
-2.888899,52.907833,1218.0
-2.889035,52.907867,1219.0
-2.889164,52.907902,1220.0
-2.889293,52.907936,1221.0
-2.889418,52.907967,1222.0
-2.889546,52.907997,1223.0
-2.889675,52.908028,1224.0
-2.889805,52.908058,1225.0
-2.889939,52.908085,1226.0
-2.890074,52.908111,1227.0
-2.890207,52.908142,1228.0
-2.890341,52.908169,1229.0
-2.890468,52.908199,1230.0
-2.890579,52.908222,1231.0
-2.89068,52.908245,1232.0
-2.89077,52.908268,1233.0
-2.890852,52.908283,1234.0
-2.890933,52.908306,1235.0
-2.891012,52.908325,1236.0
-2.891093,52.908348,1237.0
-2.891174,52.908375,1238.0
-2.891259,52.908401,1239.0
-2.891348,52.908432,1240.0
-2.89144,52.908466,1241.0
-2.891533,52.908504,1242.0
-2.891629,52.90855,1243.0
-2.891726,52.908604,1244.0
-2.891824,52.908657,1245.0
-2.891924,52.908718,1246.0
-2.892025,52.908779,1247.0
-2.892127,52.908844,1248.0
-2.892232,52.908909,1249.0
-2.892344,52.90897,1250.0
-2.892461,52.909023,1251.0
-2.89259,52.909073,1252.0
-2.892727,52.909111,1253.0
-2.89287,52.909141,1254.0
-2.893019,52.909164,1255.0
-2.893163,52.909172,1256.0
-2.893295,52.909164,1257.0
-2.893405,52.909153,1258.0
-2.893493,52.909134,1259.0
-2.893563,52.909115,1260.0
-2.893632,52.909088,1261.0
-2.893711,52.90905,1262.0
-2.893806,52.909023,1263.0
-2.893916,52.908997,1264.0
-2.894026,52.908962,1265.0
-2.894114,52.908913,1266.0
-2.89419,52.908855,1267.0
-2.894252,52.908791,1268.0
-2.894314,52.908714,1269.0
-2.894374,52.908638,1270.0
-2.894433,52.908554,1271.0
-2.894489,52.908474,1272.0
-2.894542,52.90839,1273.0
-2.894597,52.908306,1274.0
-2.89465,52.908218,1275.0
-2.894705,52.908131,1276.0
-2.894772,52.908051,1277.0
-2.89483,52.907967,1278.0
-2.894889,52.907886,1279.0
-2.894945,52.907806,1280.0
-2.895001,52.907742,1281.0
-2.895047,52.907684,1282.0
-2.895108,52.907623,1283.0
-2.895163,52.907578,1284.0
-2.89525,52.907532,1285.0
-2.895349,52.907501,1286.0
-2.89545,52.907474,1287.0
-2.895545,52.907455,1288.0
-2.895617,52.90744,1289.0
-2.895688,52.907436,1290.0
-2.895769,52.907432,1291.0
-2.895848,52.907463,1292.0
-2.895939,52.907497,1293.0
-2.896036,52.907528,1294.0
-2.896137,52.907555,1295.0
-2.896244,52.907578,1296.0
-2.896333,52.907596,1297.0
-2.896417,52.907612,1298.0
-2.896494,52.907635,1299.0
-2.896599,52.907654,1300.0
-2.896711,52.90768,1301.0
-2.896838,52.907703,1302.0
-2.896968,52.90773,1303.0
-2.897106,52.907761,1304.0
-2.897253,52.907787,1305.0
-2.897409,52.90781,1306.0
-2.897566,52.907837,1307.0
-2.897719,52.907864,1308.0
-2.897865,52.907898,1309.0
-2.898006,52.907932,1310.0
-2.898148,52.907967,1311.0
-2.898291,52.908005,1312.0
-2.89843,52.908043,1313.0
-2.898571,52.908081,1314.0
-2.898713,52.908119,1315.0
-2.898854,52.908157,1316.0
-2.898998,52.908199,1317.0
-2.899137,52.908237,1318.0
-2.899273,52.908276,1319.0
-2.899402,52.908325,1320.0
-2.899521,52.908375,1321.0
-2.899633,52.908436,1322.0
-2.89975,52.908493,1323.0
-2.899868,52.90855,1324.0
-2.899986,52.908604,1325.0
-2.900107,52.908661,1326.0
-2.90023,52.908722,1327.0
-2.900354,52.908783,1328.0
-2.900483,52.90884,1329.0
-2.900611,52.908905,1330.0
-2.900734,52.908962,1331.0
-2.900852,52.909023,1332.0
-2.900877,52.909035,1333.0
-2.901024,52.9091,1334.0
-2.901183,52.909157,1335.0
-2.90135,52.909218,1336.0
-2.901372,52.909222,1337.0
-2.901531,52.90929,1338.0
-2.901733,52.909374,1339.0
-2.901914,52.909458,1340.0
-2.902086,52.909527,1341.0
-2.902242,52.909603,1342.0
-2.902396,52.909668,1343.0
-2.902543,52.90974,1344.0
-2.902683,52.909809,1345.0
-2.902831,52.909881,1346.0
-2.902954,52.909954,1347.0
-2.903056,52.910042,1348.0
-2.903162,52.910137,1349.0
-2.903277,52.910225,1350.0
-2.90337,52.910313,1351.0
-2.903481,52.910416,1352.0
-2.903596,52.910511,1353.0
-2.903723,52.91061,1354.0
-2.90385,52.910709,1355.0
-2.903986,52.910805,1356.0
-2.904127,52.910896,1357.0
-2.904283,52.910988,1358.0
-2.904447,52.911064,1359.0
-2.904619,52.911144,1360.0
-2.904797,52.911209,1361.0
-2.904984,52.911274,1362.0
-2.90517,52.911324,1363.0
-2.905361,52.911373,1364.0
-2.905558,52.911426,1365.0
-2.905746,52.91148,1366.0
-2.90593,52.911533,1367.0
-2.90612,52.911572,1368.0
-2.906324,52.911598,1369.0
-2.906531,52.911621,1370.0
-2.906737,52.91164,1371.0
-2.906934,52.911671,1372.0
-2.907126,52.91172,1373.0
-2.907313,52.911774,1374.0
-2.9075,52.911831,1375.0
-2.907692,52.911896,1376.0
-2.907878,52.911957,1377.0
-2.908059,52.912029,1378.0
-2.908231,52.912094,1379.0
-2.908389,52.91217,1380.0
-2.908541,52.912247,1381.0
-2.908705,52.912323,1382.0
-2.908863,52.912388,1383.0
-2.909037,52.912445,1384.0
-2.909223,52.912472,1385.0
-2.909432,52.912487,1386.0
-2.909632,52.912487,1387.0
-2.909837,52.912487,1388.0
-2.910045,52.912487,1389.0
-2.910249,52.912502,1390.0
-2.910455,52.912529,1391.0
-2.910656,52.912567,1392.0
-2.910852,52.912628,1393.0
-2.911034,52.912708,1394.0
-2.911207,52.912792,1395.0
-2.911372,52.912876,1396.0
-2.911529,52.912964,1397.0
-2.911691,52.913055,1398.0
-2.911849,52.913147,1399.0
-2.912009,52.913242,1400.0
-2.912176,52.91333,1401.0
-2.912355,52.913406,1402.0
-2.912543,52.913479,1403.0
-2.912745,52.913547,1404.0
-2.912946,52.913612,1405.0
-2.913139,52.913677,1406.0
-2.913317,52.913742,1407.0
-2.913473,52.913799,1408.0
-2.913607,52.913849,1409.0
-2.913714,52.913895,1410.0
-2.913799,52.913944,1411.0
-2.913861,52.91399,1412.0
-2.913937,52.91402,1413.0
-2.91401,52.914036,1414.0
-2.91408,52.914051,1415.0
-2.91414,52.914066,1416.0
-2.914183,52.914078,1417.0
-2.9142,52.914093,1418.0
-2.914201,52.914093,1419.0
-2.914205,52.914093,1420.0
-2.914204,52.914097,1421.0
-2.914204,52.914097,1422.0
-2.914204,52.914097,1423.0
-2.914204,52.914097,1424.0
-2.914204,52.914097,1425.0
-2.914204,52.914097,1426.0
-2.914204,52.914097,1427.0
-2.914204,52.914097,1428.0
-2.914204,52.914097,1429.0
-2.914204,52.914097,1430.0
-2.914204,52.914097,1431.0
-2.914204,52.914097,1432.0
-2.914204,52.914097,1433.0
-2.914204,52.914097,1434.0
-2.914204,52.914097,1435.0
-2.914204,52.914097,1436.0
-2.914204,52.914097,1437.0
-2.914204,52.914097,1438.0
-2.914204,52.914097,1439.0
-2.914204,52.914097,1440.0
-2.914205,52.914097,1441.0
-2.914205,52.914097,1442.0
-2.914206,52.914101,1443.0
-2.914205,52.914101,1444.0
-2.914206,52.914101,1445.0
-2.914206,52.914101,1446.0
-2.914206,52.914101,1447.0
-2.914206,52.914101,1448.0
-2.914207,52.914101,1449.0
-2.914207,52.914101,1450.0
-2.914208,52.914101,1451.0
-2.914207,52.914101,1452.0
-2.914214,52.914097,1453.0
-2.914215,52.914097,1454.0
-2.914216,52.914093,1455.0
-2.914216,52.914093,1456.0
-2.914215,52.914093,1457.0
-2.914215,52.914093,1458.0
-2.914216,52.914093,1459.0
-2.914217,52.914093,1460.0
-2.914217,52.914093,1461.0
-2.914217,52.914093,1462.0
-2.914226,52.914093,1463.0
-2.914252,52.914101,1464.0
-2.914299,52.914116,1465.0
-2.914352,52.914135,1466.0
-2.914412,52.91415,1467.0
-2.914477,52.914173,1468.0
-2.914552,52.914192,1469.0
-2.914638,52.914215,1470.0
-2.914741,52.914238,1471.0
-2.914864,52.914261,1472.0
-2.914991,52.914284,1473.0
-2.915134,52.914303,1474.0
-2.915293,52.914314,1475.0
-2.915458,52.914314,1476.0
-2.915614,52.91433,1477.0
-2.915781,52.914333,1478.0
-2.915941,52.914337,1479.0
-2.916102,52.914349,1480.0
-2.916251,52.914352,1481.0
-2.916378,52.914352,1482.0
-2.916516,52.914345,1483.0
-2.916661,52.914349,1484.0
-2.916783,52.914356,1485.0
-2.916923,52.91436,1486.0
-2.917053,52.914379,1487.0
-2.917208,52.914398,1488.0
-2.917356,52.91441,1489.0
-2.917493,52.914432,1490.0
-2.917629,52.914444,1491.0
-2.917775,52.914451,1492.0
-2.917908,52.914455,1493.0
-2.918042,52.914467,1494.0
-2.918167,52.914471,1495.0
-2.918267,52.914463,1496.0
-2.918346,52.914455,1497.0
-2.918428,52.914448,1498.0
-2.918516,52.914444,1499.0
-2.918619,52.914444,1500.0
-2.918734,52.914448,1501.0
-2.918861,52.914444,1502.0
-2.918993,52.914436,1503.0
-2.919131,52.914432,1504.0
-2.919274,52.914425,1505.0
-2.919415,52.914417,1506.0
-2.919561,52.914413,1507.0
-2.919717,52.914402,1508.0
-2.919874,52.914394,1509.0
-2.920033,52.914387,1510.0
-2.920194,52.914379,1511.0
-2.920357,52.914379,1512.0
-2.920517,52.914375,1513.0
-2.920684,52.914375,1514.0
-2.920849,52.914375,1515.0
-2.921017,52.914375,1516.0
-2.921176,52.914371,1517.0
-2.921328,52.914364,1518.0
-2.921477,52.914352,1519.0
-2.921627,52.914341,1520.0
-2.92176,52.914326,1521.0
-2.92189,52.914307,1522.0
-2.922011,52.914288,1523.0
-2.92212,52.914268,1524.0
-2.922216,52.914253,1525.0
-2.922322,52.914253,1526.0
-2.922429,52.914261,1527.0
-2.922537,52.914291,1528.0
-2.922647,52.914326,1529.0
-2.922762,52.914368,1530.0
-2.92288,52.914417,1531.0
-2.923005,52.914455,1532.0
-2.923139,52.914493,1533.0
-2.923275,52.914524,1534.0
-2.923407,52.914555,1535.0
-2.923532,52.914581,1536.0
-2.923649,52.914608,1537.0
-2.923758,52.914639,1538.0
-2.92384,52.914665,1539.0
-2.923903,52.914684,1540.0
-2.923946,52.914699,1541.0
-2.923976,52.914707,1542.0
-2.923998,52.914719,1543.0
-2.924016,52.914738,1544.0
-2.924018,52.914749,1545.0
-2.923993,52.914799,1546.0
-2.923994,52.914845,1547.0
-2.923996,52.914898,1548.0
-2.924001,52.914959,1549.0
-2.924006,52.91502,1550.0
-2.924015,52.915092,1551.0
-2.924036,52.915176,1552.0
-2.924056,52.915245,1553.0
-2.924094,52.915325,1554.0
-2.92411,52.915413,1555.0
-2.924146,52.915489,1556.0
-2.924204,52.915562,1557.0
-2.924254,52.915638,1558.0
-2.924296,52.915733,1559.0
-2.924325,52.915825,1560.0
-2.92434,52.915924,1561.0
-2.924351,52.916023,1562.0
-2.924363,52.916122,1563.0
-2.924388,52.916222,1564.0
-2.924406,52.916321,1565.0
-2.924437,52.91642,1566.0
-2.924479,52.916515,1567.0
-2.924533,52.916618,1568.0
-2.924588,52.916729,1569.0
-2.924644,52.916832,1570.0
-2.924698,52.916931,1571.0
-2.92476,52.917019,1572.0
-2.924799,52.917099,1573.0
-2.92485,52.917164,1574.0
-2.924877,52.917263,1575.0
-2.924895,52.91737,1576.0
-2.924899,52.91748,1577.0
-2.924896,52.91758,1578.0
-2.924889,52.917667,1579.0
-2.924882,52.917763,1580.0
-2.924873,52.917858,1581.0
-2.924848,52.917961,1582.0
-2.924809,52.91806,1583.0
-2.92477,52.918148,1584.0
-2.924738,52.918224,1585.0
-2.924681,52.918304,1586.0
-2.924592,52.918381,1587.0
-2.92451,52.918465,1588.0
-2.924423,52.918537,1589.0
-2.924333,52.918625,1590.0
-2.924247,52.918701,1591.0
-2.92415,52.918777,1592.0
-2.924054,52.918865,1593.0
-2.923974,52.918941,1594.0
-2.92389,52.919014,1595.0
-2.923836,52.919075,1596.0
-2.923797,52.919125,1597.0
-2.923771,52.919163,1598.0
-2.923752,52.919189,1599.0
-2.923749,52.919197,1600.0
-2.923745,52.919209,1601.0
-2.923735,52.919231,1602.0
-2.923737,52.919273,1603.0
-2.923772,52.919315,1604.0
-2.923812,52.919369,1605.0
-2.923854,52.919426,1606.0
-2.923906,52.919487,1607.0
-2.92396,52.919559,1608.0
-2.924021,52.91964,1609.0
-2.924089,52.919724,1610.0
-2.924172,52.919804,1611.0
-2.924263,52.919888,1612.0
-2.924372,52.919968,1613.0
-2.924507,52.920048,1614.0
-2.92465,52.920124,1615.0
-2.924799,52.9202,1616.0
-2.924951,52.920284,1617.0
-2.925115,52.920357,1618.0
-2.925291,52.920425,1619.0
-2.925473,52.920486,1620.0
-2.925658,52.920547,1621.0
-2.925842,52.920612,1622.0
-2.926028,52.920681,1623.0
-2.926211,52.920765,1624.0
-2.926398,52.920849,1625.0
-2.926584,52.920937,1626.0
-2.926774,52.921024,1627.0
-2.926967,52.921104,1628.0
-2.927179,52.921177,1629.0
-2.927398,52.921245,1630.0
-2.927622,52.92131,1631.0
-2.927849,52.921375,1632.0
-2.928066,52.921436,1633.0
-2.928278,52.921497,1634.0
-2.928487,52.921558,1635.0
-2.928692,52.921616,1636.0
-2.928897,52.921673,1637.0
-2.929098,52.921734,1638.0
-2.929293,52.921791,1639.0
-2.929483,52.921848,1640.0
-2.929669,52.921906,1641.0
-2.929855,52.921959,1642.0
-2.930035,52.922012,1643.0
-2.930209,52.922066,1644.0
-2.930381,52.922119,1645.0
-2.930557,52.92218,1646.0
-2.930746,52.922233,1647.0
-2.930944,52.922287,1648.0
-2.931148,52.92234,1649.0
-2.931357,52.922394,1650.0
-2.931568,52.922451,1651.0
-2.93178,52.922512,1652.0
-2.931994,52.922569,1653.0
-2.932207,52.92263,1654.0
-2.93242,52.922691,1655.0
-2.932632,52.922752,1656.0
-2.93284,52.922821,1657.0
-2.93304,52.922894,1658.0
-2.933232,52.922977,1659.0
-2.933418,52.923065,1660.0
-2.9336,52.923157,1661.0
-2.933784,52.923252,1662.0
-2.93397,52.923344,1663.0
-2.934155,52.923428,1664.0
-2.93434,52.923508,1665.0
-2.934518,52.923584,1666.0
-2.934692,52.923656,1667.0
-2.934862,52.923721,1668.0
-2.935031,52.923782,1669.0
-2.935199,52.923843,1670.0
-2.93537,52.923893,1671.0
-2.935547,52.923939,1672.0
-2.935724,52.923985,1673.0
-2.935903,52.924026,1674.0
-2.936084,52.924068,1675.0
-2.936265,52.924107,1676.0
-2.936447,52.924145,1677.0
-2.936632,52.924179,1678.0
-2.936817,52.92421,1679.0
-2.937008,52.92424,1680.0
-2.937204,52.924263,1681.0
-2.937402,52.924282,1682.0
-2.937599,52.924297,1683.0
-2.937794,52.924312,1684.0
-2.937987,52.924328,1685.0
-2.93818,52.924343,1686.0
-2.938372,52.924358,1687.0
-2.938564,52.924374,1688.0
-2.938753,52.924389,1689.0
-2.938942,52.924404,1690.0
-2.939132,52.924419,1691.0
-2.939324,52.924438,1692.0
-2.939516,52.924458,1693.0
-2.939709,52.924473,1694.0
-2.939901,52.924488,1695.0
-2.940468,52.924526,1696.0
-2.940468,52.924526,1697.0
-2.940468,52.924526,1698.0
-2.940655,52.924545,1699.0
-2.940843,52.924557,1700.0
-2.941035,52.924576,1701.0
-2.941227,52.924591,1702.0
-2.941614,52.924629,1703.0
-2.941614,52.924629,1704.0
-2.941807,52.924644,1705.0
-2.942002,52.924664,1706.0
-2.942195,52.924679,1707.0
-2.94239,52.924698,1708.0
-2.942584,52.924717,1709.0
-2.942781,52.924736,1710.0
-2.942987,52.924755,1711.0
-2.943197,52.924774,1712.0
-2.943417,52.924793,1713.0
-2.94364,52.924816,1714.0
-2.943875,52.924831,1715.0
-2.944114,52.92485,1716.0
-2.94436,52.924869,1717.0
-2.944607,52.924892,1718.0
-2.944851,52.924911,1719.0
-2.945089,52.924938,1720.0
-2.94533,52.924969,1721.0
-2.945566,52.925007,1722.0
-2.945803,52.925049,1723.0
-2.946035,52.925091,1724.0
-2.946267,52.925133,1725.0
-2.946493,52.925179,1726.0
-2.946718,52.92522,1727.0
-2.946941,52.925266,1728.0
-2.947156,52.925323,1729.0
-2.947377,52.925384,1730.0
-2.947602,52.925453,1731.0
-2.947829,52.925529,1732.0
-2.94806,52.92561,1733.0
-2.948291,52.92569,1734.0
-2.948519,52.92577,1735.0
-2.94875,52.92585,1736.0
-2.948975,52.925934,1737.0
-2.949206,52.926018,1738.0
-2.94944,52.926109,1739.0
-2.949675,52.926197,1740.0
-2.949907,52.926289,1741.0
-2.950137,52.926376,1742.0
-2.950366,52.926464,1743.0
-2.950599,52.926548,1744.0
-2.950831,52.926636,1745.0
-2.951062,52.926723,1746.0
-2.951291,52.926811,1747.0
-2.951519,52.926891,1748.0
-2.951738,52.926971,1749.0
-2.951953,52.927051,1750.0
-2.952161,52.927124,1751.0
-2.952368,52.927197,1752.0
-2.952564,52.927269,1753.0
-2.952751,52.927338,1754.0
-2.952933,52.927399,1755.0
-2.953123,52.927452,1756.0
-2.953323,52.92749,1757.0
-2.953538,52.927513,1758.0
-2.953765,52.927513,1759.0
-2.954001,52.927498,1760.0
-2.954238,52.927479,1761.0
-2.954476,52.92746,1762.0
-2.954718,52.927437,1763.0
-2.954962,52.927422,1764.0
-2.955211,52.927399,1765.0
-2.955455,52.927383,1766.0
-2.955694,52.92736,1767.0
-2.955939,52.927334,1768.0
-2.956181,52.927299,1769.0
-2.956417,52.927246,1770.0
-2.956636,52.927177,1771.0
-2.956849,52.92709,1772.0
-2.957056,52.926994,1773.0
-2.95728,52.926903,1774.0
-2.957532,52.92683,1775.0
-2.957784,52.926758,1776.0
-2.958036,52.926685,1777.0
-2.958286,52.926617,1778.0
-2.958524,52.92654,1779.0
-2.958752,52.92646,1780.0
-2.958969,52.926376,1781.0
-2.959185,52.926292,1782.0
-2.959401,52.926212,1783.0
-2.959624,52.92614,1784.0
-2.959857,52.926079,1785.0
-2.960099,52.926018,1786.0
-2.96035,52.925957,1787.0
-2.960603,52.925899,1788.0
-2.960862,52.925835,1789.0
-2.961126,52.925774,1790.0
-2.961396,52.925713,1791.0
-2.96167,52.925644,1792.0
-2.961954,52.925579,1793.0
-2.96225,52.925518,1794.0
-2.962549,52.925465,1795.0
-2.962859,52.925415,1796.0
-2.963161,52.925369,1797.0
-2.963468,52.925323,1798.0
-2.963776,52.92527,1799.0
-2.964085,52.925213,1800.0
-2.964394,52.925148,1801.0
-2.964703,52.925083,1802.0
-2.96501,52.925022,1803.0
-2.965317,52.924961,1804.0
-2.965623,52.9249,1805.0
-2.965931,52.924843,1806.0
-2.966241,52.924782,1807.0
-2.966552,52.924725,1808.0
-2.966862,52.924667,1809.0
-2.967171,52.924606,1810.0
-2.967478,52.924549,1811.0
-2.967779,52.924492,1812.0
-2.96808,52.924438,1813.0
-2.968379,52.924381,1814.0
-2.968673,52.924328,1815.0
-2.968961,52.924271,1816.0
-2.969244,52.924217,1817.0
-2.969524,52.924168,1818.0
-2.969797,52.924118,1819.0
-2.970058,52.924068,1820.0
-2.970306,52.924026,1821.0
-2.970548,52.923988,1822.0
-2.970796,52.923946,1823.0
-2.971036,52.923893,1824.0
-2.971275,52.923836,1825.0
-2.971515,52.923771,1826.0
-2.971748,52.923691,1827.0
-2.97198,52.923614,1828.0
-2.97221,52.923546,1829.0
-2.97243,52.923477,1830.0
-2.972637,52.923405,1831.0
-2.972833,52.923324,1832.0
-2.973021,52.923244,1833.0
-2.973218,52.923176,1834.0
-2.973421,52.923103,1835.0
-2.973624,52.923035,1836.0
-2.973828,52.922966,1837.0
-2.974043,52.922909,1838.0
-2.974273,52.922871,1839.0
-2.974509,52.922848,1840.0
-2.974756,52.922844,1841.0
-2.974998,52.922859,1842.0
-2.97524,52.922901,1843.0
-2.975469,52.922962,1844.0
-2.975703,52.923035,1845.0
-2.975922,52.923119,1846.0
-2.976144,52.923214,1847.0
-2.976369,52.923309,1848.0
-2.976596,52.923405,1849.0
-2.97683,52.923508,1850.0
-2.977065,52.923607,1851.0
-2.977293,52.923706,1852.0
-2.977515,52.923801,1853.0
-2.977745,52.923893,1854.0
-2.977979,52.923992,1855.0
-2.978223,52.924084,1856.0
-2.978475,52.924171,1857.0
-2.978737,52.924251,1858.0
-2.979004,52.924328,1859.0
-2.979273,52.924404,1860.0
-2.979539,52.924477,1861.0
-2.979806,52.924553,1862.0
-2.980069,52.924633,1863.0
-2.980333,52.924706,1864.0
-2.980595,52.924774,1865.0
-2.980857,52.924847,1866.0
-2.981117,52.924919,1867.0
-2.981377,52.924992,1868.0
-2.981631,52.925064,1869.0
-2.981879,52.925137,1870.0
-2.982122,52.925209,1871.0
-2.982362,52.925285,1872.0
-2.98259,52.925365,1873.0
-2.982806,52.925457,1874.0
-2.983014,52.925548,1875.0
-2.983211,52.925636,1876.0
-2.98341,52.92572,1877.0
-2.983619,52.9258,1878.0
-2.983831,52.925877,1879.0
-2.984042,52.925953,1880.0
-2.984245,52.926025,1881.0
-2.984446,52.926094,1882.0
-2.984654,52.926151,1883.0
-2.984873,52.926201,1884.0
-2.985095,52.926243,1885.0
-2.985303,52.926273,1886.0
-2.98549,52.926289,1887.0
-2.985663,52.926266,1888.0
-2.985814,52.926212,1889.0
-2.985953,52.926144,1890.0
-2.986084,52.926063,1891.0
-2.986221,52.925983,1892.0
-2.986361,52.925899,1893.0
-2.986509,52.925812,1894.0
-2.986674,52.925732,1895.0
-2.986855,52.925663,1896.0
-2.987049,52.925594,1897.0
-2.987246,52.925529,1898.0
-2.98744,52.925468,1899.0
-2.987631,52.925415,1900.0
-2.98783,52.925381,1901.0
-2.988049,52.925377,1902.0
-2.988281,52.925384,1903.0
-2.988528,52.9254,1904.0
-2.988787,52.925415,1905.0
-2.989056,52.925434,1906.0
-2.989328,52.925457,1907.0
-2.989602,52.92548,1908.0
-2.989872,52.925499,1909.0
-2.990129,52.925514,1910.0
-2.990372,52.925526,1911.0
-2.990603,52.925529,1912.0
-2.990831,52.925533,1913.0
-2.991067,52.925545,1914.0
-2.991306,52.925556,1915.0
-2.991549,52.92556,1916.0
-2.991787,52.925556,1917.0
-2.992011,52.925533,1918.0
-2.992219,52.925488,1919.0
-2.992427,52.925423,1920.0
-2.99264,52.925365,1921.0
-2.992864,52.92532,1922.0
-2.993098,52.925281,1923.0
-2.99333,52.925255,1924.0
-2.993549,52.925232,1925.0
-2.993751,52.925213,1926.0
-2.993938,52.925201,1927.0
-2.994122,52.92519,1928.0
-2.994307,52.925182,1929.0
-2.994489,52.925179,1930.0
-2.994674,52.925171,1931.0
-2.99486,52.925163,1932.0
-2.995049,52.925159,1933.0
-2.995242,52.925152,1934.0
-2.995438,52.925148,1935.0
-2.99563,52.925137,1936.0
-2.995819,52.925125,1937.0
-2.996008,52.925114,1938.0
-2.996196,52.925102,1939.0
-2.996386,52.925087,1940.0
-2.99657,52.925075,1941.0
-2.996752,52.925064,1942.0
-2.996934,52.925053,1943.0
-2.997115,52.925037,1944.0
-2.997294,52.925026,1945.0
-2.997472,52.925011,1946.0
-2.99765,52.924999,1947.0
-2.99783,52.924988,1948.0
-2.998009,52.92498,1949.0
-2.998186,52.924969,1950.0
-2.998361,52.924953,1951.0
-2.998536,52.924934,1952.0
-2.998709,52.924915,1953.0
-2.998875,52.9249,1954.0
-2.999032,52.924885,1955.0
-2.999184,52.924869,1956.0
-2.999335,52.924862,1957.0
-2.999491,52.924854,1958.0
-2.999655,52.924847,1959.0
-2.999819,52.924835,1960.0
-2.999959,52.924824,1961.0
-3.000061,52.924816,1962.0
-3.000123,52.924816,1963.0
-3.000169,52.924816,1964.0
-3.000216,52.924816,1965.0
-3.000283,52.924824,1966.0
-3.000372,52.924827,1967.0
-3.000479,52.924827,1968.0
-3.000601,52.924827,1969.0
-3.000739,52.924824,1970.0
-3.000889,52.924824,1971.0
-3.001042,52.924827,1972.0
-3.001205,52.924831,1973.0
-3.00137,52.924839,1974.0
-3.001535,52.924843,1975.0
-3.001705,52.924847,1976.0
-3.001879,52.924847,1977.0
-3.002058,52.924847,1978.0
-3.002239,52.924847,1979.0
-3.002421,52.92485,1980.0
-3.002601,52.92485,1981.0
-3.002777,52.924843,1982.0
-3.00295,52.924835,1983.0
-3.003121,52.924827,1984.0
-3.003285,52.924816,1985.0
-3.003453,52.924797,1986.0
-3.003623,52.924786,1987.0
-3.003796,52.924766,1988.0
-3.003969,52.924755,1989.0
-3.004143,52.92474,1990.0
-3.004319,52.924725,1991.0
-3.004494,52.924713,1992.0
-3.004672,52.924698,1993.0
-3.004858,52.924686,1994.0
-3.005049,52.924675,1995.0
-3.005238,52.924664,1996.0
-3.00543,52.924656,1997.0
-3.005616,52.924648,1998.0
-3.0058,52.924641,1999.0
-3.005979,52.924637,2000.0
-3.006153,52.924637,2001.0
-3.006314,52.924637,2002.0
-3.006461,52.924633,2003.0
-3.006584,52.924633,2004.0
-3.006689,52.924622,2005.0
-3.00678,52.924614,2006.0
-3.006867,52.92461,2007.0
-3.006965,52.924602,2008.0
-3.007064,52.924599,2009.0
-3.00717,52.92458,2010.0
-3.007274,52.924553,2011.0
-3.007375,52.924522,2012.0
-3.007466,52.924488,2013.0
-3.00755,52.924458,2014.0
-3.007623,52.924427,2015.0
-3.007695,52.924397,2016.0
-3.007777,52.924358,2017.0
-3.007855,52.924316,2018.0
-3.007948,52.924267,2019.0
-3.008046,52.924213,2020.0
-3.008151,52.924156,2021.0
-3.00826,52.924099,2022.0
-3.008375,52.924034,2023.0
-3.008496,52.923973,2024.0
-3.00863,52.923912,2025.0
-3.008766,52.923847,2026.0
-3.008905,52.923782,2027.0
-3.009042,52.923714,2028.0
-3.009173,52.923641,2029.0
-3.009295,52.923561,2030.0
-3.009406,52.923473,2031.0
-3.009502,52.923378,2032.0
-3.009591,52.923279,2033.0
-3.009664,52.92318,2034.0
-3.009737,52.923073,2035.0
-3.009811,52.92297,2036.0
-3.009886,52.922863,2037.0
-3.009959,52.922756,2038.0
-3.010031,52.922646,2039.0
-3.010101,52.922535,2040.0
-3.010175,52.922428,2041.0
-3.01025,52.922321,2042.0
-3.010322,52.922211,2043.0
-3.010401,52.922104,2044.0
-3.01049,52.921997,2045.0
-3.010593,52.921894,2046.0
-3.010709,52.921791,2047.0
-3.010828,52.921692,2048.0
-3.010949,52.921593,2049.0
-3.011065,52.921493,2050.0
-3.011176,52.921391,2051.0
-3.011273,52.921287,2052.0
-3.011348,52.921185,2053.0
-3.011423,52.921085,2054.0
-3.011516,52.920986,2055.0
-3.011629,52.920902,2056.0
-3.011755,52.920818,2057.0
-3.011898,52.920746,2058.0
-3.012051,52.920677,2059.0
-3.012215,52.920624,2060.0
-3.012394,52.920578,2061.0
-3.012576,52.920544,2062.0
-3.012757,52.920509,2063.0
-3.012938,52.920475,2064.0
-3.013116,52.920448,2065.0
-3.013297,52.920422,2066.0
-3.013479,52.920395,2067.0
-3.013655,52.920372,2068.0
-3.013828,52.920345,2069.0
-3.014002,52.920315,2070.0
-3.01417,52.920284,2071.0
-3.014331,52.920242,2072.0
-3.014473,52.920185,2073.0
-3.01461,52.920113,2074.0
-3.014737,52.920029,2075.0
-3.01486,52.919937,2076.0
-3.014983,52.919842,2077.0
-3.015105,52.919739,2078.0
-3.015227,52.919636,2079.0
-3.015347,52.919529,2080.0
-3.015471,52.919422,2081.0
-3.015595,52.919315,2082.0
-3.01572,52.919205,2083.0
-3.015847,52.919094,2084.0
-3.01598,52.918991,2085.0
-3.016119,52.918892,2086.0
-3.016274,52.918804,2087.0
-3.016451,52.918732,2088.0
-3.016636,52.918663,2089.0
-3.016824,52.918598,2090.0
-3.017011,52.918533,2091.0
-3.017199,52.918472,2092.0
-3.01738,52.918415,2093.0
-3.017556,52.918369,2094.0
-3.01772,52.918327,2095.0
-3.01788,52.918301,2096.0
-3.018048,52.91827,2097.0
-3.018217,52.918239,2098.0
-3.018381,52.918205,2099.0
-3.018539,52.918167,2100.0
-3.018682,52.918129,2101.0
-3.018816,52.918083,2102.0
-3.018937,52.91803,2103.0
-3.019062,52.91798,2104.0
-3.019199,52.917961,2105.0
-3.019349,52.917953,2106.0
-3.019501,52.917953,2107.0
-3.019659,52.917934,2108.0
-3.019826,52.917908,2109.0
-3.020002,52.917885,2110.0
-3.020193,52.917866,2111.0
-3.020393,52.917858,2112.0
-3.020597,52.91785,2113.0
-3.020804,52.91785,2114.0
-3.021008,52.917854,2115.0
-3.021214,52.917854,2116.0
-3.021425,52.917862,2117.0
-3.02164,52.917866,2118.0
-3.021858,52.917873,2119.0
-3.02208,52.917881,2120.0
-3.022307,52.917889,2121.0
-3.02254,52.917896,2122.0
-3.022779,52.917904,2123.0
-3.023027,52.917912,2124.0
-3.023286,52.917915,2125.0
-3.02355,52.917927,2126.0
-3.023814,52.917934,2127.0
-3.024075,52.917946,2128.0
-3.024332,52.917965,2129.0
-3.024582,52.918003,2130.0
-3.024839,52.918053,2131.0
-3.0251,52.918106,2132.0
-3.025365,52.918159,2133.0
-3.025639,52.918198,2134.0
-3.025914,52.918232,2135.0
-3.026198,52.918266,2136.0
-3.026479,52.918297,2137.0
-3.026754,52.918327,2138.0
-3.027022,52.918358,2139.0
-3.027282,52.918385,2140.0
-3.02753,52.918415,2141.0
-3.027769,52.918449,2142.0
-3.028013,52.918472,2143.0
-3.028253,52.918491,2144.0
-3.028512,52.918495,2145.0
-3.028778,52.918491,2146.0
-3.029047,52.918495,2147.0
-3.029318,52.918487,2148.0
-3.02959,52.918487,2149.0
-3.02985,52.91848,2150.0
-3.030119,52.918484,2151.0
-3.030383,52.918484,2152.0
-3.030653,52.918487,2153.0
-3.030914,52.918495,2154.0
-3.031173,52.918491,2155.0
-3.031434,52.918495,2156.0
-3.03169,52.918499,2157.0
-3.031937,52.918507,2158.0
-3.032173,52.91851,2159.0
-3.032397,52.918526,2160.0
-3.032614,52.918568,2161.0
-3.03282,52.918621,2162.0
-3.033022,52.918686,2163.0
-3.033227,52.918758,2164.0
-3.033437,52.918835,2165.0
-3.03365,52.918915,2166.0
-3.033873,52.918991,2167.0
-3.034108,52.919064,2168.0
-3.034356,52.919117,2169.0
-3.03461,52.919155,2170.0
-3.034861,52.919186,2171.0
-3.035107,52.919228,2172.0
-3.035344,52.919273,2173.0
-3.03558,52.919319,2174.0
-3.035812,52.919361,2175.0
-3.036046,52.919403,2176.0
-3.036278,52.919441,2177.0
-3.036515,52.919479,2178.0
-3.03675,52.91951,2179.0
-3.036979,52.91954,2180.0
-3.037206,52.919559,2181.0
-3.037437,52.919582,2182.0
-3.037674,52.919601,2183.0
-3.037921,52.919617,2184.0
-3.038165,52.919632,2185.0
-3.038415,52.91964,2186.0
-3.038666,52.919651,2187.0
-3.038913,52.919659,2188.0
-3.039161,52.919662,2189.0
-3.03941,52.919666,2190.0
-3.039659,52.919655,2191.0
-3.03991,52.919632,2192.0
-3.040163,52.91959,2193.0
-3.040416,52.91954,2194.0
-3.040661,52.919487,2195.0
-3.040898,52.91943,2196.0
-3.041124,52.919376,2197.0
-3.041339,52.919327,2198.0
-3.041547,52.919285,2199.0
-3.041739,52.919254,2200.0
-3.04191,52.919235,2201.0
-3.042048,52.919228,2202.0
-3.042164,52.919224,2203.0
-3.042264,52.91922,2204.0
-3.042342,52.919216,2205.0
-3.042393,52.919212,2206.0
-3.042416,52.919209,2207.0
-3.042425,52.919209,2208.0
-3.042438,52.919205,2209.0
-3.04245,52.919201,2210.0
-3.042452,52.919201,2211.0
-3.042454,52.919205,2212.0
-3.042454,52.919205,2213.0
-3.042468,52.919201,2214.0
-3.042513,52.919193,2215.0
-3.042582,52.91917,2216.0
-3.042656,52.919136,2217.0
-3.042735,52.919094,2218.0
-3.04284,52.91906,2219.0
-3.042961,52.919048,2220.0
-3.043085,52.919056,2221.0
-3.043203,52.919083,2222.0
-3.043305,52.919125,2223.0
-3.043383,52.919189,2224.0
-3.04342,52.919269,2225.0
-3.043426,52.91935,2226.0
-3.043383,52.919426,2227.0
-3.043297,52.919495,2228.0
-3.04318,52.919563,2229.0
-3.043064,52.919636,2230.0
-3.042954,52.91972,2231.0
-3.042861,52.919819,2232.0
-3.042786,52.919933,2233.0
-3.042722,52.920055,2234.0
-3.04266,52.920189,2235.0
-3.042602,52.92033,2236.0
-3.042542,52.920479,2237.0
-3.042488,52.920635,2238.0
-3.042442,52.920803,2239.0
-3.042404,52.920978,2240.0
-3.042375,52.921169,2241.0
-3.042356,52.921364,2242.0
-3.042348,52.921566,2243.0
-3.042336,52.921772,2244.0
-3.042325,52.921982,2245.0
-3.042321,52.922192,2246.0
-3.042319,52.922405,2247.0
-3.042316,52.922619,2248.0
-3.042316,52.922832,2249.0
-3.042323,52.923046,2250.0
-3.04233,52.923263,2251.0
-3.042335,52.923477,2252.0
-3.042341,52.923695,2253.0
-3.042347,52.923908,2254.0
-3.042357,52.924129,2255.0
-3.042363,52.924343,2256.0
-3.04238,52.924564,2257.0
-3.0424,52.924786,2258.0
-3.042419,52.925007,2259.0
-3.042435,52.925228,2260.0
-3.042452,52.925449,2261.0
-3.04247,52.925671,2262.0
-3.042492,52.925896,2263.0
-3.042514,52.926117,2264.0
-3.042542,52.926346,2265.0
-3.042571,52.926571,2266.0
-3.042602,52.926796,2267.0
-3.04263,52.927021,2268.0
-3.042661,52.92725,2269.0
-3.042686,52.927479,2270.0
-3.042716,52.927711,2271.0
-3.042742,52.927948,2272.0
-3.042774,52.928185,2273.0
-3.042811,52.928421,2274.0
-3.042846,52.928665,2275.0
-3.042879,52.928905,2276.0
-3.042911,52.92915,2277.0
-3.042944,52.92939,2278.0
-3.04298,52.929634,2279.0
-3.043013,52.929878,2280.0
-3.043047,52.93013,2281.0
-3.043081,52.930382,2282.0
-3.043117,52.93063,2283.0
-3.043145,52.930874,2284.0
-3.043182,52.931118,2285.0
-3.043187,52.931152,2286.0
-3.043148,52.931412,2287.0
-3.043196,52.93166,2288.0
-3.043206,52.9319,2289.0
-3.043322,52.932205,2290.0
-3.043373,52.932446,2291.0
-3.043403,52.932682,2292.0
-3.043428,52.932926,2293.0
-3.04348,52.933205,2294.0
-3.043506,52.933449,2295.0
-3.043536,52.933697,2296.0
-3.043561,52.933945,2297.0
-3.043582,52.934208,2298.0
-3.0436,52.934463,2299.0
-3.043624,52.934711,2300.0
-3.043643,52.934959,2301.0
-3.043662,52.935215,2302.0
-3.043678,52.935467,2303.0
-3.043692,52.935719,2304.0
-3.043706,52.935974,2305.0
-3.043719,52.936226,2306.0
-3.04373,52.936481,2307.0
-3.043744,52.936729,2308.0
-3.043754,52.936985,2309.0
-3.043743,52.937233,2310.0
-3.043744,52.937477,2311.0
-3.043734,52.937721,2312.0
-3.043734,52.937969,2313.0
-3.043733,52.938221,2314.0
-3.043728,52.938461,2315.0
-3.043726,52.938702,2316.0
-3.043721,52.938942,2317.0
-3.043714,52.939182,2318.0
-3.043699,52.939419,2319.0
-3.04369,52.939655,2320.0
-3.04367,52.939892,2321.0
-3.043659,52.940128,2322.0
-3.04365,52.940361,2323.0
-3.04364,52.940598,2324.0
-3.04363,52.940826,2325.0
-3.043617,52.941055,2326.0
-3.043616,52.94128,2327.0
-3.043604,52.941505,2328.0
-3.043604,52.94173,2329.0
-3.043619,52.941963,2330.0
-3.043618,52.942188,2331.0
-3.043615,52.942413,2332.0
-3.043612,52.942638,2333.0
-3.043615,52.942863,2334.0
-3.04362,52.943089,2335.0
-3.043624,52.94331,2336.0
-3.043631,52.943523,2337.0
-3.043638,52.943737,2338.0
-3.043646,52.943954,2339.0
-3.043658,52.944172,2340.0
-3.043668,52.944389,2341.0
-3.043677,52.944607,2342.0
-3.043686,52.94482,2343.0
-3.043699,52.945034,2344.0
-3.043705,52.945248,2345.0
-3.043709,52.945457,2346.0
-3.043712,52.945679,2347.0
-3.043738,52.945904,2348.0
-3.043743,52.94611,2349.0
-3.043744,52.946323,2350.0
-3.043769,52.946537,2351.0
-3.04378,52.946743,2352.0
-3.043803,52.946953,2353.0
-3.043826,52.947163,2354.0
-3.043854,52.947369,2355.0
-3.04388,52.947567,2356.0
-3.043892,52.947781,2357.0
-3.043929,52.947987,2358.0
-3.043949,52.948181,2359.0
-3.043976,52.948372,2360.0
-3.044008,52.948563,2361.0
-3.044039,52.948742,2362.0
-3.044064,52.948906,2363.0
-3.044082,52.949058,2364.0
-3.044105,52.949203,2365.0
-3.044124,52.949352,2366.0
-3.044147,52.949509,2367.0
-3.044167,52.949661,2368.0
-3.044192,52.949814,2369.0
-3.044219,52.949959,2370.0
-3.044238,52.950088,2371.0
-3.044259,52.950222,2372.0
-3.04428,52.950344,2373.0
-3.044301,52.950459,2374.0
-3.044317,52.950554,2375.0
-3.044335,52.950645,2376.0
-3.044354,52.950725,2377.0
-3.044372,52.950794,2378.0
-3.044389,52.950863,2379.0
-3.044398,52.950912,2380.0
-3.044409,52.950958,2381.0
-3.044433,52.951,2382.0
-3.044456,52.951042,2383.0
-3.04449,52.951092,2384.0
-3.04455,52.951134,2385.0
-3.04462,52.951183,2386.0
-3.04468,52.951237,2387.0
-3.044715,52.951294,2388.0
-3.044719,52.951355,2389.0
-3.044676,52.951412,2390.0
-3.044596,52.951458,2391.0
-3.044497,52.951488,2392.0
-3.044379,52.951488,2393.0
-3.044261,52.951462,2394.0
-3.044145,52.951427,2395.0
-3.044023,52.951385,2396.0
-3.043894,52.951347,2397.0
-3.043756,52.951321,2398.0
-3.043611,52.951298,2399.0
-3.043464,52.951279,2400.0
-3.043314,52.951256,2401.0
-3.043155,52.951221,2402.0
-3.04299,52.951183,2403.0
-3.042823,52.951141,2404.0
-3.042667,52.951088,2405.0
-3.04253,52.951038,2406.0
-3.042415,52.950985,2407.0
-3.042315,52.950935,2408.0
-3.042227,52.950897,2409.0
-3.042145,52.950871,2410.0
-3.042058,52.950851,2411.0
-3.041965,52.95084,2412.0
-3.041875,52.950817,2413.0
-3.041792,52.950783,2414.0
-3.041732,52.950722,2415.0
-3.041692,52.950657,2416.0
-3.041674,52.950581,2417.0
-3.04165,52.950508,2418.0
-3.041631,52.950439,2419.0
-3.041617,52.950378,2420.0
-3.041607,52.950321,2421.0
-3.041602,52.950275,2422.0
-3.041601,52.950233,2423.0
-3.041609,52.950203,2424.0
-3.041631,52.950176,2425.0
-3.041672,52.950161,2426.0
-3.041721,52.950169,2427.0
-3.041765,52.950176,2428.0
-3.041815,52.950188,2429.0
-3.04187,52.950203,2430.0
-3.041939,52.950214,2431.0
-3.04202,52.950226,2432.0
-3.042112,52.950237,2433.0
-3.042211,52.950245,2434.0
-3.042307,52.95026,2435.0
-3.042398,52.950264,2436.0
-3.042481,52.950272,2437.0
-3.042555,52.950272,2438.0
-3.042622,52.950268,2439.0
-3.042681,52.95026,2440.0
-3.042735,52.950245,2441.0
-3.042775,52.950222,2442.0
-3.042807,52.950195,2443.0
-3.04283,52.950169,2444.0
-3.042851,52.950146,2445.0
-3.042872,52.950123,2446.0
-3.042895,52.950096,2447.0
-3.042916,52.950062,2448.0
-3.042932,52.950027,2449.0
-3.042941,52.949989,2450.0
-3.042949,52.949959,2451.0
-3.042965,52.94994,2452.0
-3.042999,52.949917,2453.0
-3.043048,52.949902,2454.0
-3.043112,52.949898,2455.0
-3.043182,52.949898,2456.0
-3.043253,52.949898,2457.0
-3.043318,52.949894,2458.0
-3.043377,52.949894,2459.0
-3.043433,52.949894,2460.0
-3.043483,52.949898,2461.0
-3.043526,52.949902,2462.0
-3.043554,52.949917,2463.0
-3.043567,52.949944,2464.0
-3.04356,52.949985,2465.0
-3.043553,52.950035,2466.0
-3.043569,52.950081,2467.0
-3.043578,52.950127,2468.0
-3.043569,52.950165,2469.0
-3.043549,52.950195,2470.0
-3.043527,52.950218,2471.0
-3.04352,52.950233,2472.0
-3.043511,52.950245,2473.0
-3.043511,52.950249,2474.0
-3.043511,52.950249,2475.0
-3.043509,52.950249,2476.0
-3.043507,52.950249,2477.0
-3.043505,52.950249,2478.0
-3.043505,52.950249,2479.0
-3.043504,52.950249,2480.0
-3.043503,52.950249,2481.0
-3.043503,52.950249,2482.0
-3.043502,52.950249,2483.0
-3.043502,52.950249,2484.0
-3.043502,52.950249,2485.0
-3.043502,52.950249,2486.0
-3.043502,52.950249,2487.0
-3.043502,52.950249,2488.0
-3.043497,52.950256,2489.0
-3.043499,52.950268,2490.0
-3.043502,52.950283,2491.0
-3.043506,52.950291,2492.0
-3.043505,52.950291,2493.0
-3.043504,52.950291,2494.0
-3.043503,52.950291,2495.0
-3.043504,52.950291,2496.0
-3.043503,52.950291,2497.0
-3.043503,52.950291,2498.0
-3.043504,52.950291,2499.0
-3.043505,52.950298,2500.0
-3.043511,52.950306,2501.0
-3.043514,52.950317,2502.0
-3.043514,52.950317,2503.0
-3.043515,52.950321,2504.0
-3.043516,52.950321,2505.0
-3.043516,52.950321,2506.0
-3.043515,52.950321,2507.0
-3.043514,52.950325,2508.0
-3.043514,52.950325,2509.0
-3.043514,52.950325,2510.0
-3.043514,52.950325,2511.0
-3.043514,52.950325,2512.0
-3.043514,52.950325,2513.0
-3.043513,52.950325,2514.0
-3.043513,52.950325,2515.0
-3.043513,52.950325,2516.0
-3.043513,52.950325,2517.0
-3.043513,52.950325,2518.0
-3.043508,52.950329,2519.0
-3.043502,52.95034,2520.0
-3.043491,52.950352,2521.0
-3.043483,52.950359,2522.0
-3.043478,52.950363,2523.0
-3.04348,52.950363,2524.0
-3.04348,52.950363,2525.0
-3.043479,52.950363,2526.0
-3.043479,52.950363,2527.0
-3.04348,52.950363,2528.0
-3.04348,52.950363,2529.0
-3.04348,52.950363,2530.0
-3.043481,52.950363,2531.0
-3.043481,52.950363,2532.0
-3.043481,52.950363,2533.0
-3.043481,52.950363,2534.0
-3.04348,52.950363,2535.0
-3.04348,52.950363,2536.0
-3.04348,52.950367,2537.0
-3.04348,52.950367,2538.0
-3.04348,52.950367,2539.0
-3.04348,52.950367,2540.0
-3.04348,52.950367,2541.0
-3.04348,52.950367,2542.0
-3.04348,52.950367,2543.0
-3.04348,52.950367,2544.0
-3.04348,52.950367,2545.0
-3.043468,52.950371,2546.0
-3.043455,52.950378,2547.0
-3.043444,52.950382,2548.0
-3.043432,52.950382,2549.0
-3.043432,52.950382,2550.0
-3.043431,52.950382,2551.0
-3.043431,52.950382,2552.0
-3.04343,52.950386,2553.0
-3.04343,52.950386,2554.0
-3.04343,52.950386,2555.0
-3.04343,52.950386,2556.0
-3.04343,52.950386,2557.0
-3.043431,52.950386,2558.0
-3.04343,52.950386,2559.0
-3.04343,52.950386,2560.0
-3.043431,52.950386,2561.0
-3.043431,52.950386,2562.0
-3.043431,52.950386,2563.0
-3.043431,52.950386,2564.0
-3.043432,52.950386,2565.0
-3.043432,52.950386,2566.0
-3.043432,52.950386,2567.0
-3.043432,52.950386,2568.0
-3.043432,52.950386,2569.0
-3.043432,52.950386,2570.0
-3.043432,52.950386,2571.0
-3.043432,52.950386,2572.0
-3.043432,52.950386,2573.0
-3.043424,52.95039,2574.0
-3.043403,52.95039,2575.0
-3.043381,52.950397,2576.0
-3.043363,52.950394,2577.0
-3.043363,52.950394,2578.0
-3.043363,52.950394,2579.0
-3.043363,52.950394,2580.0
-3.043362,52.950394,2581.0
-3.043362,52.950394,2582.0
-3.043362,52.950394,2583.0
-3.043362,52.950394,2584.0
-3.043361,52.950394,2585.0
-3.043361,52.950394,2586.0
-3.043361,52.950394,2587.0
-3.043361,52.950394,2588.0
-3.043361,52.950394,2589.0
-3.043361,52.950394,2590.0
-3.043361,52.950394,2591.0
-3.043361,52.950394,2592.0
-3.043361,52.950394,2593.0
-3.043361,52.950394,2594.0
-3.043362,52.950394,2595.0
-3.043351,52.950394,2596.0
-3.043323,52.950394,2597.0
-3.043309,52.950382,2598.0
-3.043295,52.950382,2599.0
-3.043292,52.950382,2600.0
-3.043291,52.950382,2601.0
-3.04329,52.950382,2602.0
-3.043289,52.950382,2603.0
-3.043288,52.950382,2604.0
-3.043288,52.950386,2605.0
-3.043288,52.950386,2606.0
-3.043288,52.950386,2607.0
-3.043288,52.950386,2608.0
-3.043274,52.950386,2609.0
-3.043251,52.950382,2610.0
-3.043219,52.950375,2611.0
-3.043188,52.950375,2612.0
-3.043169,52.950371,2613.0
-3.04316,52.950367,2614.0
-3.043159,52.950367,2615.0
-3.043157,52.950367,2616.0
-3.043156,52.950367,2617.0
-3.043155,52.950367,2618.0
-3.043154,52.950367,2619.0
-3.043153,52.950367,2620.0
-3.043135,52.950371,2621.0
-3.0431,52.950371,2622.0
-3.043052,52.950375,2623.0
-3.042998,52.950375,2624.0
-3.042949,52.950375,2625.0
-3.04291,52.950371,2626.0
-3.042871,52.950363,2627.0
-3.042838,52.950352,2628.0
-3.04281,52.950336,2629.0
-3.04279,52.950321,2630.0
-3.042774,52.950306,2631.0
-3.042762,52.950294,2632.0
-3.042757,52.950291,2633.0
-3.042748,52.950287,2634.0
-3.042732,52.950279,2635.0
-3.042697,52.950272,2636.0
-3.042647,52.950272,2637.0
-3.042586,52.950272,2638.0
-3.042517,52.950268,2639.0
-3.042444,52.95026,2640.0
-3.042359,52.950252,2641.0
-3.042267,52.950241,2642.0
-3.042175,52.950233,2643.0
-3.042089,52.950222,2644.0
-3.042012,52.950214,2645.0
-3.041943,52.95021,2646.0
-3.041888,52.950207,2647.0
-3.041841,52.950207,2648.0
-3.041805,52.95021,2649.0
-3.041783,52.950214,2650.0
-3.041767,52.950218,2651.0
-3.041754,52.950222,2652.0
-3.041742,52.950226,2653.0
-3.041734,52.950233,2654.0
-3.041718,52.950241,2655.0
-3.041701,52.950264,2656.0
-3.041687,52.950294,2657.0
-3.041688,52.950333,2658.0
-3.041703,52.950371,2659.0
-3.041727,52.950413,2660.0
-3.041753,52.950443,2661.0
-3.041789,52.95047,2662.0
-3.041837,52.950493,2663.0
-3.041904,52.950508,2664.0
-3.041987,52.950519,2665.0
-3.042082,52.950519,2666.0
-3.042183,52.950519,2667.0
-3.042293,52.950519,2668.0
-3.042411,52.950519,2669.0
-3.042537,52.950519,2670.0
-3.042673,52.950519,2671.0
-3.042819,52.950519,2672.0
-3.042969,52.950519,2673.0
-3.043121,52.950523,2674.0
-3.043278,52.950519,2675.0
-3.043435,52.950516,2676.0
-3.043595,52.950508,2677.0
-3.043755,52.9505,2678.0
-3.043917,52.950485,2679.0
-3.044082,52.95047,2680.0
-3.044248,52.950455,2681.0
-3.044425,52.950447,2682.0
-3.044583,52.950439,2683.0
-3.044732,52.950436,2684.0
-3.044869,52.950432,2685.0
-3.044993,52.950428,2686.0
-3.045099,52.950432,2687.0
-3.045199,52.950432,2688.0
-3.045302,52.950436,2689.0
-3.045406,52.950439,2690.0
-3.045515,52.950447,2691.0
-3.045631,52.950451,2692.0
-3.045756,52.950455,2693.0
-3.045892,52.950459,2694.0
-3.046033,52.950462,2695.0
-3.046179,52.950462,2696.0
-3.046326,52.950462,2697.0
-3.046465,52.950462,2698.0
-3.0466,52.950462,2699.0
-3.046728,52.950462,2700.0
-3.046853,52.950466,2701.0
-3.046976,52.950466,2702.0
-3.047103,52.95047,2703.0
-3.047236,52.95047,2704.0
-3.047366,52.950466,2705.0
-3.047493,52.950459,2706.0
-3.04762,52.950443,2707.0
-3.047746,52.95042,2708.0
-3.047861,52.950401,2709.0
-3.047956,52.950386,2710.0
-3.048021,52.950371,2711.0
-3.048067,52.950359,2712.0
-3.048093,52.950336,2713.0
-3.048113,52.95031,2714.0
-3.048106,52.950275,2715.0
-3.048093,52.950249,2716.0
-3.048076,52.95023,2717.0
-3.048051,52.950203,2718.0
-3.048024,52.950172,2719.0
-3.047991,52.950138,2720.0
-3.047952,52.950092,2721.0
-3.047911,52.950043,2722.0
-3.04787,52.949989,2723.0
-3.047833,52.949932,2724.0
-3.047796,52.949871,2725.0
-3.047765,52.94981,2726.0
-3.047736,52.949757,2727.0
-3.047718,52.949688,2728.0
-3.0477,52.949627,2729.0
-3.047686,52.949562,2730.0
-3.047674,52.949482,2731.0
-3.047669,52.949406,2732.0
-3.047663,52.949329,2733.0
-3.047657,52.949249,2734.0
-3.047649,52.949169,2735.0
-3.047642,52.949085,2736.0
-3.047632,52.949005,2737.0
-3.047618,52.948921,2738.0
-3.047606,52.948837,2739.0
-3.047596,52.948753,2740.0
-3.047594,52.948673,2741.0
-3.047597,52.948593,2742.0
-3.047614,52.948509,2743.0
-3.047638,52.948429,2744.0
-3.047661,52.948349,2745.0
-3.047676,52.948265,2746.0
-3.047677,52.948185,2747.0
-3.047665,52.948112,2748.0
-3.047636,52.948036,2749.0
-3.047598,52.94796,2750.0
-3.04755,52.94788,2751.0
-3.047501,52.947803,2752.0
-3.04747,52.947719,2753.0
-3.047453,52.947632,2754.0
-3.047443,52.947548,2755.0
-3.047431,52.94746,2756.0
-3.047423,52.947376,2757.0
-3.047407,52.947277,2758.0
-3.047391,52.947201,2759.0
-3.04738,52.947197,2760.0
-3.047356,52.947105,2761.0
-3.047343,52.947018,2762.0
-3.047319,52.946911,2763.0
-3.047306,52.946819,2764.0
-3.047299,52.946728,2765.0
-3.047292,52.946644,2766.0
-3.047305,52.946571,2767.0
-3.047283,52.946503,2768.0
-3.047261,52.946442,2769.0
-3.047263,52.946381,2770.0
-3.047266,52.946331,2771.0
-3.047251,52.946293,2772.0
-3.047245,52.946293,2773.0
-3.047239,52.946285,2774.0
-3.047253,52.946281,2775.0
-3.047249,52.946285,2776.0
-3.047247,52.946293,2777.0
-3.04725,52.946316,2778.0
-3.04725,52.946316,2779.0
-3.047218,52.946304,2780.0
-3.047235,52.946205,2781.0
-3.047243,52.946216,2782.0
-3.047227,52.94622,2783.0
-3.047172,52.94622,2784.0
-3.047161,52.946232,2785.0
-3.047156,52.946232,2786.0
-3.04716,52.946255,2787.0
-3.04716,52.946255,2788.0
-3.04716,52.946255,2789.0
-3.047155,52.946228,2790.0
-3.047384,52.946228,2791.0
-3.047321,52.946201,2792.0
-3.047313,52.946201,2793.0
-3.047322,52.946216,2794.0
-3.047318,52.94622,2795.0
-3.047318,52.946224,2796.0
-3.047311,52.946216,2797.0
-3.047303,52.946209,2798.0
-3.047285,52.946197,2799.0
-3.04727,52.946167,2800.0
-3.047257,52.946129,2801.0
-3.047243,52.946095,2802.0
-3.047233,52.946045,2803.0
-3.047218,52.945988,2804.0
-3.047205,52.945923,2805.0
-3.047183,52.945858,2806.0
-3.047165,52.945785,2807.0
-3.047158,52.945717,2808.0
-3.04714,52.945652,2809.0
-3.04713,52.945591,2810.0
-3.047124,52.945538,2811.0
-3.047113,52.945484,2812.0
-3.047113,52.945446,2813.0
-3.047096,52.945412,2814.0
-3.04708,52.945377,2815.0
-3.04707,52.945343,2816.0
-3.047058,52.945305,2817.0
-3.047059,52.94527,2818.0
-3.047068,52.945228,2819.0
-3.047081,52.945179,2820.0
-3.047103,52.945122,2821.0
-3.047138,52.945065,2822.0
-3.047172,52.944996,2823.0
-3.04721,52.944931,2824.0
-3.047251,52.944874,2825.0
-3.047289,52.944805,2826.0
-3.047301,52.944729,2827.0
-3.047322,52.94466,2828.0
-3.047344,52.944588,2829.0
-3.047349,52.944511,2830.0
-3.047352,52.944439,2831.0
-3.047362,52.944366,2832.0
-3.047375,52.944298,2833.0
-3.04738,52.944237,2834.0
-3.047386,52.944172,2835.0
-3.047388,52.944107,2836.0
-3.047384,52.944035,2837.0
-3.04738,52.943958,2838.0
-3.047377,52.943882,2839.0
-3.047374,52.943802,2840.0
-3.047374,52.943722,2841.0
-3.047372,52.943638,2842.0
-3.047374,52.943558,2843.0
-3.047377,52.943478,2844.0
-3.047378,52.943398,2845.0
-3.047377,52.943317,2846.0
-3.047382,52.943237,2847.0
-3.04739,52.943161,2848.0
-3.0474,52.943085,2849.0
-3.047424,52.943005,2850.0
-3.047449,52.942917,2851.0
-3.047489,52.942837,2852.0
-3.047524,52.942757,2853.0
-3.04755,52.942676,2854.0
-3.047579,52.942596,2855.0
-3.047596,52.942512,2856.0
-3.047604,52.942432,2857.0
-3.047596,52.942356,2858.0
-3.047593,52.94228,2859.0
-3.047584,52.942211,2860.0
-3.047565,52.942139,2861.0
-3.047543,52.942066,2862.0
-3.047545,52.942036,2863.0
-3.04749,52.941944,2864.0
-3.04745,52.941853,2865.0
-3.047405,52.941761,2866.0
-3.047356,52.941681,2867.0
-3.047303,52.941601,2868.0
-3.047257,52.941528,2869.0
-3.047205,52.941448,2870.0
-3.047159,52.941372,2871.0
-3.04712,52.941307,2872.0
-3.047099,52.94125,2873.0
-3.047068,52.941189,2874.0
-3.04704,52.941135,2875.0
-3.047021,52.941074,2876.0
-3.046978,52.941006,2877.0
-3.046952,52.940937,2878.0
-3.046924,52.940872,2879.0
-3.046914,52.940804,2880.0
-3.046907,52.940731,2881.0
-3.0469,52.940658,2882.0
-3.046909,52.940578,2883.0
-3.046904,52.940502,2884.0
-3.046901,52.940422,2885.0
-3.046884,52.940353,2886.0
-3.046834,52.94022,2887.0
-3.046834,52.94022,2888.0
-3.046798,52.940155,2889.0
-3.046659,52.93996,2890.0
-3.046659,52.93996,2891.0
-3.046659,52.93996,2892.0
-3.046615,52.939892,2893.0
-3.04657,52.939823,2894.0
-3.046525,52.939751,2895.0
-3.046481,52.939674,2896.0
-3.046441,52.939602,2897.0
-3.046415,52.939533,2898.0
-3.046386,52.939472,2899.0
-3.046363,52.939415,2900.0
-3.046339,52.939358,2901.0
-3.046312,52.939304,2902.0
-3.046285,52.939247,2903.0
-3.046262,52.93919,2904.0
-3.046229,52.939125,2905.0
-3.046201,52.939075,2906.0
-3.046159,52.93903,2907.0
-3.046103,52.938988,2908.0
-3.046052,52.938938,2909.0
-3.045991,52.938896,2910.0
-3.045918,52.938858,2911.0
-3.04583,52.938839,2912.0
-3.045751,52.93882,2913.0
-3.045675,52.938801,2914.0
-3.045592,52.938766,2915.0
-3.045512,52.938724,2916.0
-3.045428,52.938671,2917.0
-3.045347,52.938614,2918.0
-3.045269,52.938557,2919.0
-3.04519,52.938499,2920.0
-3.045115,52.938438,2921.0
-3.045048,52.938385,2922.0
-3.044987,52.938324,2923.0
-3.044934,52.938263,2924.0
-3.044886,52.93819,2925.0
-3.044838,52.938118,2926.0
-3.044793,52.938046,2927.0
-3.044745,52.937965,2928.0
-3.0447,52.937881,2929.0
-3.044653,52.937794,2930.0
-3.044603,52.937702,2931.0
-3.044553,52.937607,2932.0
-3.044508,52.937515,2933.0
-3.044472,52.937431,2934.0
-3.044441,52.937355,2935.0
-3.044417,52.93729,2936.0
-3.0444,52.937241,2937.0
-3.044388,52.937199,2938.0
-3.044381,52.93716,2939.0
-3.044375,52.937118,2940.0
-3.044369,52.937061,2941.0
-3.044357,52.937,2942.0
-3.044363,52.936935,2943.0
-3.044367,52.936859,2944.0
-3.044383,52.936775,2945.0
-3.044404,52.936691,2946.0
-3.044441,52.9366,2947.0
-3.044479,52.936504,2948.0
-3.044526,52.936413,2949.0
-3.04459,52.936325,2950.0
-3.044673,52.93623,2951.0
-3.04477,52.936149,2952.0
-3.044882,52.936077,2953.0
-3.045005,52.936005,2954.0
-3.045134,52.93594,2955.0
-3.045266,52.93589,2956.0
-3.045401,52.935841,2957.0
-3.045554,52.935802,2958.0
-3.045712,52.935776,2959.0
-3.045876,52.935741,2960.0
-3.046034,52.935703,2961.0
-3.046191,52.935676,2962.0
-3.046349,52.935657,2963.0
-3.046512,52.935635,2964.0
-3.046673,52.935612,2965.0
-3.046826,52.935596,2966.0
-3.04697,52.935573,2967.0
-3.047131,52.935539,2968.0
-3.047321,52.935524,2969.0
-3.047495,52.935505,2970.0
-3.047649,52.935513,2971.0
-3.047693,52.935509,2972.0
-3.047862,52.935505,2973.0
-3.04805,52.935482,2974.0
-3.048232,52.935448,2975.0
-3.048395,52.935417,2976.0
-3.048545,52.935402,2977.0
-3.048703,52.935383,2978.0
-3.048864,52.935356,2979.0
-3.049021,52.935329,2980.0
-3.049184,52.935314,2981.0
-3.049358,52.935287,2982.0
-3.049528,52.935268,2983.0
-3.04969,52.935249,2984.0
-3.049857,52.93523,2985.0
-3.050035,52.935211,2986.0
-3.050215,52.935192,2987.0
-3.050403,52.935177,2988.0
-3.050596,52.935169,2989.0
-3.050785,52.935146,2990.0
-3.05096,52.935127,2991.0
-3.051136,52.935112,2992.0
-3.051309,52.935093,2993.0
-3.051476,52.935085,2994.0
-3.051629,52.935055,2995.0
-3.051784,52.935017,2996.0
-3.051932,52.934967,2997.0
-3.052067,52.93491,2998.0
-3.052193,52.934841,2999.0
-3.052303,52.934769,3000.0
-3.052398,52.934692,3001.0
-3.052497,52.934612,3002.0
-3.052602,52.934532,3003.0
-3.052716,52.934456,3004.0
-3.05284,52.934387,3005.0
-3.052965,52.934319,3006.0
-3.053093,52.93425,3007.0
-3.053221,52.934189,3008.0
-3.05335,52.934135,3009.0
-3.053469,52.934078,3010.0
-3.053587,52.934029,3011.0
-3.053705,52.933983,3012.0
-3.05383,52.933941,3013.0
-3.053964,52.933903,3014.0
-3.0541,52.933868,3015.0
-3.054246,52.933834,3016.0
-3.054392,52.933796,3017.0
-3.054535,52.933762,3018.0
-3.05468,52.933731,3019.0
-3.054826,52.933704,3020.0
-3.054981,52.933678,3021.0
-3.055138,52.933659,3022.0
-3.055308,52.933643,3023.0
-3.05547,52.933624,3024.0
-3.055629,52.933609,3025.0
-3.055783,52.933594,3026.0
-3.055932,52.933578,3027.0
-3.056069,52.933559,3028.0
-3.056199,52.933537,3029.0
-3.056324,52.933514,3030.0
-3.05644,52.933495,3031.0
-3.056546,52.933475,3032.0
-3.056642,52.93346,3033.0
-3.056729,52.933449,3034.0
-3.056802,52.933437,3035.0
-3.056859,52.93343,3036.0
-3.056895,52.933422,3037.0
-3.056914,52.933414,3038.0
-3.056922,52.933411,3039.0
-3.056924,52.933414,3040.0
-3.056925,52.933414,3041.0
-3.056926,52.933414,3042.0
-3.056927,52.933414,3043.0
-3.056928,52.933414,3044.0
-3.056929,52.933414,3045.0
-3.05693,52.933414,3046.0
-3.05693,52.933414,3047.0
-3.056931,52.933414,3048.0
-3.056931,52.933414,3049.0
-3.056931,52.933414,3050.0
-3.056931,52.933414,3051.0
-3.056931,52.933414,3052.0
-3.056931,52.933414,3053.0
-3.056931,52.933414,3054.0
-3.056931,52.933414,3055.0
-3.056931,52.933414,3056.0
-3.056931,52.933414,3057.0
-3.056931,52.933414,3058.0
-3.056931,52.933414,3059.0
-3.056931,52.933414,3060.0
-3.056931,52.933414,3061.0
-3.056931,52.933414,3062.0
-3.05694,52.933407,3063.0
-3.056963,52.933399,3064.0
-3.05699,52.933365,3065.0
-3.057001,52.933311,3066.0
-3.056983,52.933266,3067.0
-3.056982,52.933216,3068.0
-3.056966,52.933151,3069.0
-3.056952,52.933082,3070.0
-3.05694,52.933018,3071.0
-3.056934,52.932941,3072.0
-3.056935,52.932873,3073.0
-3.056921,52.932804,3074.0
-3.056906,52.932739,3075.0
-3.056892,52.932678,3076.0
-3.05688,52.932625,3077.0
-3.056868,52.932579,3078.0
-3.056866,52.932545,3079.0
-3.056881,52.932518,3080.0
-3.056904,52.93248,3081.0
-3.056964,52.93248,3082.0
-3.057042,52.932476,3083.0
-3.057142,52.932484,3084.0
-3.057231,52.932487,3085.0
-3.057335,52.932487,3086.0
-3.057448,52.932487,3087.0
-3.057564,52.932484,3088.0
-3.057671,52.932491,3089.0
-3.057787,52.932503,3090.0
-3.057907,52.932507,3091.0
-3.058035,52.932507,3092.0
-3.058162,52.93251,3093.0
-3.058295,52.932514,3094.0
-3.058434,52.932518,3095.0
-3.058558,52.932526,3096.0
-3.058689,52.932533,3097.0
-3.058828,52.932537,3098.0
-3.058961,52.932541,3099.0
-3.059099,52.932545,3100.0
-3.059246,52.932552,3101.0
-3.059393,52.932556,3102.0
-3.059544,52.932564,3103.0
-3.059694,52.932571,3104.0
-3.059844,52.932579,3105.0
-3.060001,52.932587,3106.0
-3.060158,52.932594,3107.0
-3.060312,52.932602,3108.0
-3.060463,52.932613,3109.0
-3.060605,52.932625,3110.0
-3.060747,52.932632,3111.0
-3.060902,52.93264,3112.0
-3.061071,52.932644,3113.0
-3.06123,52.932651,3114.0
-3.061387,52.932663,3115.0
-3.061541,52.932671,3116.0
-3.061695,52.932682,3117.0
-3.061843,52.932693,3118.0
-3.061999,52.932701,3119.0
-3.06216,52.932709,3120.0
-3.062326,52.932716,3121.0
-3.06249,52.932724,3122.0
-3.062654,52.932732,3123.0
-3.062816,52.932739,3124.0
-3.062981,52.932747,3125.0
-3.063143,52.932755,3126.0
-3.063304,52.932758,3127.0
-3.06347,52.932766,3128.0
-3.063631,52.932774,3129.0
-3.063786,52.932785,3130.0
-3.063946,52.932793,3131.0
-3.064104,52.9328,3132.0
-3.064258,52.932808,3133.0
-3.064406,52.932815,3134.0
-3.064542,52.932819,3135.0
-3.064665,52.932823,3136.0
-3.064782,52.932831,3137.0
-3.064891,52.932838,3138.0
-3.064982,52.932842,3139.0
-3.065058,52.932842,3140.0
-3.065119,52.932842,3141.0
-3.06516,52.932842,3142.0
-3.065187,52.932838,3143.0
-3.065207,52.932835,3144.0
-3.065245,52.932823,3145.0
-3.065287,52.932804,3146.0
-3.065342,52.932785,3147.0
-3.065401,52.932777,3148.0
-3.065466,52.932774,3149.0
-3.065539,52.932777,3150.0
-3.065618,52.932777,3151.0
-3.065698,52.932758,3152.0
-3.065777,52.932743,3153.0
-3.06586,52.932724,3154.0
-3.065936,52.932701,3155.0
-3.066015,52.932682,3156.0
-3.0661,52.932655,3157.0
-3.0662,52.932636,3158.0
-3.0663,52.932609,3159.0
-3.066409,52.932583,3160.0
-3.066528,52.93256,3161.0
-3.066655,52.932533,3162.0
-3.066769,52.932507,3163.0
-3.066893,52.932476,3164.0
-3.067025,52.932453,3165.0
-3.067156,52.932426,3166.0
-3.067272,52.932407,3167.0
-3.067395,52.932384,3168.0
-3.067543,52.932365,3169.0
-3.067696,52.932346,3170.0
-3.067843,52.932316,3171.0
-3.068002,52.932281,3172.0
-3.068167,52.932247,3173.0
-3.06833,52.932217,3174.0
-3.068497,52.932178,3175.0
-3.06866,52.932144,3176.0
-3.068831,52.932121,3177.0
-3.068997,52.932083,3178.0
-3.069162,52.932049,3179.0
-3.069329,52.932018,3180.0
-3.069493,52.931992,3181.0
-3.06965,52.931961,3182.0
-3.069798,52.931934,3183.0
-3.069934,52.931908,3184.0
-3.070052,52.931888,3185.0
-3.070154,52.931877,3186.0
-3.070245,52.931866,3187.0
-3.070342,52.931873,3188.0
-3.070437,52.931885,3189.0
-3.070528,52.9319,3190.0
-3.070602,52.931923,3191.0
-3.070664,52.931942,3192.0
-3.070722,52.931965,3193.0
-3.070773,52.932003,3194.0
-3.070824,52.932049,3195.0
-3.070842,52.93211,3196.0
-3.070865,52.932175,3197.0
-3.070879,52.932255,3198.0
-3.070881,52.932335,3199.0
-3.070894,52.932423,3200.0
-3.070912,52.932518,3201.0
-3.070924,52.932617,3202.0
-3.070938,52.932716,3203.0
-3.070972,52.932812,3204.0
-3.07098,52.932911,3205.0
-3.070989,52.93301,3206.0
-3.071002,52.933117,3207.0
-3.071023,52.933208,3208.0
-3.071033,52.9333,3209.0
-3.071045,52.933384,3210.0
-3.071058,52.933468,3211.0
-3.071072,52.933548,3212.0
-3.071106,52.933632,3213.0
-3.071156,52.933716,3214.0
-3.07121,52.933807,3215.0
-3.071271,52.93391,3216.0
-3.071335,52.934013,3217.0
-3.071409,52.934116,3218.0
-3.071495,52.934216,3219.0
-3.071591,52.934307,3220.0
-3.071689,52.934395,3221.0
-3.071792,52.934479,3222.0
-3.071901,52.934551,3223.0
-3.07201,52.934627,3224.0
-3.072104,52.934704,3225.0
-3.072187,52.934788,3226.0
-3.07225,52.934883,3227.0
-3.072306,52.934978,3228.0
-3.072359,52.935085,3229.0
-3.072412,52.935192,3230.0
-3.072468,52.935303,3231.0
-3.07253,52.935402,3232.0
-3.07259,52.935509,3233.0
-3.072658,52.935612,3234.0
-3.072731,52.935711,3235.0
-3.072808,52.935806,3236.0
-3.07289,52.93589,3237.0
-3.072969,52.935974,3238.0
-3.073046,52.93605,3239.0
-3.073112,52.936134,3240.0
-3.073182,52.936203,3241.0
-3.073233,52.936287,3242.0
-3.073269,52.936371,3243.0
-3.073307,52.936451,3244.0
-3.073318,52.936543,3245.0
-3.073317,52.936645,3246.0
-3.073329,52.936745,3247.0
-3.073355,52.936844,3248.0
-3.073379,52.936954,3249.0
-3.073406,52.937065,3250.0
-3.073433,52.937179,3251.0
-3.073456,52.937286,3252.0
-3.073478,52.937397,3253.0
-3.073496,52.937504,3254.0
-3.073507,52.937603,3255.0
-3.073515,52.937706,3256.0
-3.073531,52.937809,3257.0
-3.073568,52.937908,3258.0
-3.07362,52.938007,3259.0
-3.073688,52.938107,3260.0
-3.073769,52.938202,3261.0
-3.073856,52.938297,3262.0
-3.073952,52.938393,3263.0
-3.074048,52.938484,3264.0
-3.074173,52.938568,3265.0
-3.074295,52.93866,3266.0
-3.074411,52.938751,3267.0
-3.074528,52.938835,3268.0
-3.074656,52.938919,3269.0
-3.074798,52.938992,3270.0
-3.074941,52.93903,3271.0
-3.075083,52.939072,3272.0
-3.075224,52.93911,3273.0
-3.075362,52.939144,3274.0
-3.075503,52.939175,3275.0
-3.075625,52.939213,3276.0
-3.07574,52.939251,3277.0
-3.075846,52.939293,3278.0
-3.075951,52.939335,3279.0
-3.076049,52.939388,3280.0
-3.076151,52.939388,3281.0
-3.076262,52.939453,3282.0
-3.076376,52.939522,3283.0
-3.076482,52.939602,3284.0
-3.076583,52.939686,3285.0
-3.07668,52.939774,3286.0
-3.076789,52.939861,3287.0
-3.076891,52.939949,3288.0
-3.076992,52.940041,3289.0
-3.07709,52.940132,3290.0
-3.077183,52.940231,3291.0
-3.07728,52.940323,3292.0
-3.07738,52.940411,3293.0
-3.077489,52.940502,3294.0
-3.077604,52.940586,3295.0
-3.077731,52.940658,3296.0
-3.077861,52.940731,3297.0
-3.077989,52.940804,3298.0
-3.078117,52.940865,3299.0
-3.078254,52.940925,3300.0
-3.078402,52.940967,3301.0
-3.078556,52.941006,3302.0
-3.078708,52.941044,3303.0
-3.078852,52.941093,3304.0
-3.078975,52.941162,3305.0
-3.079101,52.941223,3306.0
-3.079224,52.941288,3307.0
-3.079332,52.941341,3308.0
-3.079435,52.941391,3309.0
-3.079521,52.941433,3310.0
-3.079599,52.941467,3311.0
-3.079676,52.941498,3312.0
-3.079746,52.941517,3313.0
-3.079791,52.941524,3314.0
-3.079827,52.941521,3315.0
-3.079861,52.941517,3316.0
-3.079896,52.941502,3317.0
-3.07993,52.941482,3318.0
-3.079965,52.941456,3319.0
-3.079998,52.941425,3320.0
-3.08002,52.941399,3321.0
-3.080057,52.941368,3322.0
-3.080108,52.94133,3323.0
-3.080163,52.941296,3324.0
-3.08021,52.941254,3325.0
-3.08026,52.941208,3326.0
-3.080312,52.941162,3327.0
-3.080364,52.941109,3328.0
-3.080406,52.941048,3329.0
-3.080459,52.940994,3330.0
-3.080511,52.940937,3331.0
-3.080569,52.94088,3332.0
-3.080645,52.940834,3333.0
-3.080722,52.940792,3334.0
-3.080797,52.940754,3335.0
-3.080887,52.940727,3336.0
-3.080998,52.940708,3337.0
-3.081102,52.940689,3338.0
-3.08121,52.940681,3339.0
-3.081326,52.940678,3340.0
-3.081433,52.940678,3341.0
-3.081562,52.940678,3342.0
-3.081694,52.940685,3343.0
-3.081825,52.940697,3344.0
-3.081948,52.940704,3345.0
-3.082071,52.9407,3346.0
-3.08218,52.940704,3347.0
-3.082284,52.940697,3348.0
-3.082391,52.9407,3349.0
-3.082504,52.940693,3350.0
-3.082628,52.940681,3351.0
-3.082753,52.940666,3352.0
-3.082879,52.940643,3353.0
-3.083007,52.940613,3354.0
-3.08314,52.940582,3355.0
-3.083265,52.940544,3356.0
-3.083397,52.94051,3357.0
-3.083513,52.940472,3358.0
-3.083619,52.940433,3359.0
-3.083717,52.940384,3360.0
-3.083799,52.940331,3361.0
-3.083878,52.940269,3362.0
-3.083943,52.940201,3363.0
-3.083998,52.940121,3364.0
-3.08404,52.940037,3365.0
-3.084075,52.939953,3366.0
-3.084109,52.939865,3367.0
-3.084134,52.939781,3368.0
-3.084142,52.939701,3369.0
-3.084163,52.93961,3370.0
-3.084186,52.939522,3371.0
-3.084212,52.93943,3372.0
-3.084244,52.939339,3373.0
-3.084288,52.939243,3374.0
-3.084334,52.939155,3375.0
-3.084391,52.939064,3376.0
-3.084455,52.938976,3377.0
-3.084528,52.938885,3378.0
-3.084602,52.938793,3379.0
-3.084686,52.938705,3380.0
-3.084767,52.938618,3381.0
-3.084849,52.938534,3382.0
-3.084937,52.93845,3383.0
-3.085033,52.93837,3384.0
-3.085125,52.93829,3385.0
-3.085224,52.938213,3386.0
-3.085325,52.938141,3387.0
-3.085429,52.938065,3388.0
-3.085539,52.937996,3389.0
-3.085646,52.937923,3390.0
-3.085752,52.937858,3391.0
-3.08586,52.937798,3392.0
-3.085957,52.93774,3393.0
-3.086065,52.937683,3394.0
-3.086164,52.93763,3395.0
-3.086266,52.937572,3396.0
-3.086363,52.937523,3397.0
-3.086458,52.937473,3398.0
-3.086547,52.937431,3399.0
-3.086626,52.937393,3400.0
-3.086687,52.937359,3401.0
-3.08674,52.937332,3402.0
-3.086796,52.937309,3403.0
-3.086844,52.93729,3404.0
-3.08689,52.937279,3405.0
-3.086931,52.937275,3406.0
-3.086979,52.937279,3407.0
-3.086997,52.937283,3408.0
-3.08706,52.937283,3409.0
-3.087108,52.93729,3410.0
-3.087166,52.93729,3411.0
-3.087215,52.937298,3412.0
-3.087273,52.937309,3413.0
-3.08735,52.937332,3414.0
-3.087428,52.937359,3415.0
-3.087515,52.937385,3416.0
-3.087613,52.937405,3417.0
-3.087716,52.937424,3418.0
-3.087824,52.937439,3419.0
-3.087936,52.937462,3420.0
-3.088047,52.937469,3421.0
-3.088156,52.937481,3422.0
-3.088266,52.937489,3423.0
-3.088377,52.9375,3424.0
-3.08849,52.937511,3425.0
-3.088609,52.937515,3426.0
-3.088727,52.937519,3427.0
-3.088851,52.937527,3428.0
-3.088976,52.937527,3429.0
-3.089103,52.937527,3430.0
-3.089232,52.937523,3431.0
-3.089363,52.937515,3432.0
-3.089493,52.937504,3433.0
-3.089619,52.937485,3434.0
-3.089744,52.937466,3435.0
-3.089866,52.937435,3436.0
-3.089982,52.937405,3437.0
-3.090089,52.937363,3438.0
-3.090186,52.937317,3439.0
-3.090275,52.937271,3440.0
-3.090354,52.937225,3441.0
-3.090415,52.937179,3442.0
-3.09048,52.937145,3443.0
-3.090517,52.937118,3444.0
-3.090555,52.937084,3445.0
-3.090594,52.93705,3446.0
-3.09064,52.937,3447.0
-3.090691,52.936954,3448.0
-3.090744,52.936901,3449.0
-3.090791,52.936848,3450.0
-3.090846,52.93681,3451.0
-3.090891,52.936764,3452.0
-3.090939,52.936714,3453.0
-3.090982,52.936661,3454.0
-3.091022,52.936615,3455.0
-3.091057,52.936573,3456.0
-3.091082,52.936531,3457.0
-3.091063,52.936512,3458.0
-3.091108,52.936466,3459.0
-3.091088,52.936405,3460.0
-3.091141,52.93634,3461.0
-3.091185,52.936279,3462.0
-3.091216,52.936234,3463.0
-3.091235,52.936191,3464.0
-3.09125,52.936149,3465.0
-3.091254,52.936111,3466.0
-3.091259,52.936096,3467.0
-3.091262,52.936066,3468.0
-3.09127,52.936047,3469.0
-3.091274,52.93602,3470.0
-3.091284,52.935989,3471.0
-3.09131,52.935978,3472.0
-3.091297,52.935924,3473.0
-3.091302,52.935867,3474.0
-3.091311,52.935814,3475.0
-3.091327,52.93576,3476.0
-3.091308,52.935722,3477.0
-3.09129,52.935722,3478.0
-3.091252,52.935684,3479.0
-3.091233,52.935608,3480.0
-3.091238,52.935535,3481.0
-3.091207,52.935478,3482.0
-3.091174,52.935425,3483.0
-3.091156,52.935349,3484.0
-3.09111,52.935326,3485.0
-3.091073,52.935272,3486.0
-3.091057,52.9352,3487.0
-3.091035,52.935169,3488.0
-3.09103,52.93515,3489.0
-3.090975,52.93507,3490.0
-3.090829,52.934868,3491.0
-3.090829,52.934868,3492.0
-3.090829,52.934868,3493.0
-3.090808,52.934795,3494.0
-3.090746,52.934719,3495.0
-3.090646,52.934662,3496.0
-3.090551,52.934612,3497.0
-3.090451,52.934559,3498.0
-3.090361,52.934509,3499.0
-3.09026,52.934452,3500.0
-3.090147,52.934402,3501.0
-3.090041,52.934345,3502.0
-3.089927,52.934303,3503.0
-3.089816,52.934258,3504.0
-3.089707,52.934223,3505.0
-3.089597,52.934173,3506.0
-3.089486,52.934112,3507.0
-3.089358,52.934078,3508.0
-3.089236,52.934025,3509.0
-3.08911,52.933975,3510.0
-3.088964,52.933922,3511.0
-3.088827,52.933853,3512.0
-3.088676,52.933792,3513.0
-3.088525,52.933727,3514.0
-3.088362,52.933662,3515.0
-3.088223,52.933605,3516.0
-3.088072,52.933552,3517.0
-3.087915,52.933475,3518.0
-3.087769,52.933407,3519.0
-3.087615,52.93333,3520.0
-3.08747,52.933266,3521.0
-3.087344,52.933193,3522.0
-3.087199,52.93314,3523.0
-3.087057,52.933079,3524.0
-3.086928,52.933002,3525.0
-3.086792,52.932941,3526.0
-3.086654,52.932892,3527.0
-3.086527,52.932838,3528.0
-3.086396,52.932781,3529.0
-3.086261,52.932728,3530.0
-3.086134,52.932667,3531.0
-3.086013,52.932606,3532.0
-3.085879,52.932533,3533.0
-3.08575,52.932472,3534.0
-3.085626,52.932434,3535.0
-3.085517,52.932365,3536.0
-3.085409,52.9323,3537.0
-3.085304,52.93224,3538.0
-3.085209,52.932178,3539.0
-3.085115,52.932117,3540.0
-3.085011,52.932056,3541.0
-3.084916,52.931995,3542.0
-3.084821,52.93193,3543.0
-3.08473,52.931858,3544.0
-3.08464,52.931789,3545.0
-3.084553,52.931709,3546.0
-3.084455,52.931633,3547.0
-3.084364,52.931545,3548.0
-3.084274,52.931465,3549.0
-3.084184,52.931385,3550.0
-3.084099,52.931309,3551.0
-3.084016,52.931213,3552.0
-3.083935,52.931145,3553.0
-3.083871,52.93108,3554.0
-3.083803,52.93103,3555.0
-3.083763,52.930973,3556.0
-3.083707,52.930931,3557.0
-3.083656,52.930889,3558.0
-3.083618,52.930847,3559.0
-3.083571,52.930809,3560.0
-3.083528,52.930801,3561.0
-3.08345,52.930767,3562.0
-3.083412,52.930737,3563.0
-3.083356,52.930698,3564.0
-3.083308,52.930664,3565.0
-3.083244,52.930622,3566.0
-3.083194,52.930557,3567.0
-3.083133,52.930473,3568.0
-3.083076,52.930397,3569.0
-3.083003,52.930321,3570.0
-3.082925,52.930252,3571.0
-3.082858,52.930187,3572.0
-3.082809,52.930157,3573.0
-3.082722,52.930076,3574.0
-3.082641,52.930008,3575.0
-3.082551,52.929916,3576.0
-3.082463,52.929871,3577.0
-3.082378,52.929787,3578.0
-3.08227,52.92971,3579.0
-3.082194,52.929661,3580.0
-3.082101,52.929577,3581.0
-3.082036,52.92952,3582.0
-3.08197,52.929466,3583.0
-3.081891,52.929398,3584.0
-3.081804,52.929348,3585.0
-3.081714,52.929287,3586.0
-3.081647,52.929226,3587.0
-3.081555,52.929172,3588.0
-3.081459,52.929119,3589.0
-3.081381,52.929108,3590.0
-3.081327,52.929073,3591.0
-3.081278,52.929039,3592.0
-3.081233,52.929008,3593.0
-3.081183,52.928974,3594.0
-3.081109,52.92894,3595.0
-3.081039,52.928883,3596.0
-3.08096,52.928856,3597.0
-3.080867,52.928825,3598.0
-3.080784,52.928795,3599.0
-3.080709,52.92878,3600.0
-3.080622,52.928761,3601.0
-3.080542,52.928749,3602.0
-3.080437,52.928749,3603.0
-3.080324,52.928741,3604.0
-3.080217,52.928726,3605.0
-3.080135,52.928715,3606.0
-3.080072,52.928707,3607.0
-3.08002,52.928707,3608.0
-3.079981,52.928711,3609.0
-3.079952,52.928703,3610.0
-3.079927,52.928699,3611.0
-3.079897,52.928692,3612.0
-3.07986,52.928688,3613.0
-3.079811,52.92868,3614.0
-3.079749,52.928677,3615.0
-3.079667,52.928669,3616.0
-3.079573,52.928654,3617.0
-3.079481,52.928631,3618.0
-3.07938,52.928608,3619.0
-3.079284,52.928589,3620.0
-3.07919,52.928562,3621.0
-3.079095,52.928539,3622.0
-3.079004,52.928509,3623.0
-3.078918,52.928478,3624.0
-3.078838,52.928459,3625.0
-3.078762,52.928436,3626.0
-3.078683,52.928413,3627.0
-3.078608,52.928394,3628.0
-3.078528,52.928368,3629.0
-3.07844,52.928345,3630.0
-3.078342,52.928318,3631.0
-3.078239,52.928295,3632.0
-3.078133,52.928268,3633.0
-3.078031,52.928238,3634.0
-3.077923,52.928207,3635.0
-3.077822,52.928177,3636.0
-3.077717,52.928146,3637.0
-3.077601,52.928123,3638.0
-3.077476,52.928093,3639.0
-3.077361,52.928066,3640.0
-3.077263,52.928024,3641.0
-3.07715,52.927994,3642.0
-3.077031,52.927967,3643.0
-3.076941,52.927933,3644.0
-3.076836,52.92791,3645.0
-3.076721,52.927887,3646.0
-3.076618,52.927864,3647.0
-3.076517,52.927837,3648.0
-3.076409,52.927807,3649.0
-3.076291,52.92778,3650.0
-3.076161,52.927776,3651.0
-3.07602,52.927791,3652.0
-3.075889,52.927811,3653.0
-3.075756,52.92783,3654.0
-3.075626,52.927853,3655.0
-3.0755,52.927883,3656.0
-3.075392,52.927902,3657.0
-3.075315,52.92791,3658.0
-3.075253,52.927921,3659.0
-3.075166,52.927925,3660.0
-3.075075,52.927921,3661.0
-3.074993,52.927929,3662.0
-3.074908,52.927963,3663.0
-3.074799,52.927982,3664.0
-3.074685,52.928009,3665.0
-3.074559,52.928032,3666.0
-3.074441,52.928055,3667.0
-3.074323,52.928074,3668.0
-3.074201,52.9281,3669.0
-3.07409,52.92812,3670.0
-3.073963,52.928139,3671.0
-3.073828,52.928165,3672.0
-3.0737,52.928177,3673.0
-3.073572,52.928185,3674.0
-3.073447,52.928204,3675.0
-3.073312,52.928219,3676.0
-3.073184,52.928238,3677.0
-3.073065,52.928257,3678.0
-3.072959,52.928268,3679.0
-3.072855,52.928276,3680.0
-3.072751,52.928284,3681.0
-3.072658,52.928303,3682.0
-3.072566,52.928329,3683.0
-3.072492,52.928364,3684.0
-3.072419,52.92841,3685.0
-3.072358,52.928459,3686.0
-3.0723,52.92852,3687.0
-3.072258,52.928581,3688.0
-3.072222,52.928638,3689.0
-3.072201,52.928703,3690.0
-3.072182,52.928764,3691.0
-3.072167,52.928841,3692.0
-3.072151,52.928917,3693.0
-3.072154,52.929001,3694.0
-3.072152,52.929085,3695.0
-3.072155,52.929169,3696.0
-3.072163,52.929253,3697.0
-3.072173,52.929348,3698.0
-3.072182,52.92944,3699.0
-3.072187,52.929527,3700.0
-3.072191,52.929619,3701.0
-3.072196,52.92971,3702.0
-3.072197,52.929798,3703.0
-3.072204,52.92989,3704.0
-3.072209,52.929981,3705.0
-3.072218,52.930069,3706.0
-3.072224,52.93016,3707.0
-3.072234,52.930252,3708.0
-3.072243,52.93034,3709.0
-3.072256,52.930435,3710.0
-3.072266,52.930523,3711.0
-3.072279,52.930614,3712.0
-3.072293,52.930702,3713.0
-3.072307,52.93079,3714.0
-3.072321,52.930878,3715.0
-3.072338,52.930965,3716.0
-3.072356,52.931053,3717.0
-3.072374,52.931137,3718.0
-3.072387,52.931217,3719.0
-3.072391,52.93129,3720.0
-3.072374,52.931358,3721.0
-3.072332,52.931412,3722.0
-3.072271,52.931458,3723.0
-3.07219,52.931496,3724.0
-3.072097,52.931511,3725.0
-3.072003,52.931519,3726.0
-3.071902,52.931515,3727.0
-3.0718,52.931496,3728.0
-3.0717,52.931465,3729.0
-3.0716,52.931431,3730.0
-3.071511,52.9314,3731.0
-3.071429,52.931377,3732.0
-3.071352,52.931362,3733.0
-3.071293,52.931351,3734.0
-3.071242,52.931347,3735.0
-3.071196,52.931347,3736.0
-3.071148,52.931343,3737.0
-3.071106,52.931339,3738.0
-3.071059,52.931351,3739.0
-3.071006,52.931366,3740.0
-3.070946,52.931366,3741.0
-3.07089,52.931381,3742.0
-3.070844,52.931393,3743.0
-3.070817,52.9314,3744.0
-3.070792,52.931412,3745.0
-3.070777,52.931415,3746.0
-3.070772,52.931427,3747.0
-3.070766,52.931427,3748.0
-3.070772,52.931431,3749.0
-3.070763,52.931438,3750.0
-3.070753,52.931454,3751.0
-3.070746,52.93148,3752.0
-3.070758,52.931503,3753.0
-3.070784,52.93153,3754.0
-3.070805,52.931568,3755.0
-3.070825,52.931606,3756.0
-3.070849,52.931648,3757.0
-3.070877,52.931694,3758.0
-3.070904,52.931744,3759.0
-3.070922,52.931797,3760.0
-3.070933,52.931839,3761.0
-3.070942,52.931888,3762.0
-3.070943,52.931938,3763.0
-3.07094,52.931999,3764.0
-3.070944,52.93206,3765.0
-3.070951,52.932133,3766.0
-3.070955,52.932201,3767.0
-3.070935,52.932217,3768.0
-3.070931,52.932304,3769.0
-3.070918,52.932411,3770.0
-3.070956,52.932499,3771.0
-3.070966,52.932594,3772.0
-3.070982,52.932686,3773.0
-3.071,52.932781,3774.0
-3.071017,52.932873,3775.0
-3.071035,52.932964,3776.0
-3.071069,52.933056,3777.0
-3.071114,52.933159,3778.0
-3.071131,52.93325,3779.0
-3.071147,52.933308,3780.0
-3.071151,52.933384,3781.0
-3.07115,52.93343,3782.0
-3.071147,52.933479,3783.0
-3.071159,52.93354,3784.0
-3.071163,52.933624,3785.0
-3.071206,52.933689,3786.0
-3.071248,52.933773,3787.0
-3.071302,52.933857,3788.0
-3.071352,52.933948,3789.0
-3.071409,52.93404,3790.0
-3.071475,52.934132,3791.0
-3.07155,52.934219,3792.0
-3.071632,52.934311,3793.0
-3.071718,52.934395,3794.0
-3.071816,52.934475,3795.0
-3.071917,52.934547,3796.0
-3.07201,52.934616,3797.0
-3.072097,52.934685,3798.0
-3.072168,52.934765,3799.0
-3.07223,52.934849,3800.0
-3.072284,52.93494,3801.0
-3.07233,52.935032,3802.0
-3.07238,52.935127,3803.0
-3.07244,52.935223,3804.0
-3.072498,52.935322,3805.0
-3.072558,52.935417,3806.0
-3.072621,52.935516,3807.0
-3.072681,52.935619,3808.0
-3.07275,52.935719,3809.0
-3.07282,52.93581,3810.0
-3.072895,52.935898,3811.0
-3.072975,52.935978,3812.0
-3.073044,52.93605,3813.0
-3.073107,52.936127,3814.0
-3.073166,52.936195,3815.0
-3.073214,52.936275,3816.0
-3.073255,52.936352,3817.0
-3.073285,52.936432,3818.0
-3.07332,52.936512,3819.0
-3.073343,52.9366,3820.0
-3.073357,52.936687,3821.0
-3.073375,52.93679,3822.0
-3.073399,52.936893,3823.0
-3.073422,52.936989,3824.0
-3.073452,52.937099,3825.0
-3.073481,52.93721,3826.0
-3.073506,52.937317,3827.0
-3.073527,52.937424,3828.0
-3.073541,52.937523,3829.0
-3.073554,52.937622,3830.0
-3.073567,52.937717,3831.0
-3.073587,52.937813,3832.0
-3.073621,52.937912,3833.0
-3.073676,52.938007,3834.0
-3.073746,52.938103,3835.0
-3.073824,52.938202,3836.0
-3.07391,52.938301,3837.0
-3.074005,52.9384,3838.0
-3.074099,52.938488,3839.0
-3.074216,52.938576,3840.0
-3.07433,52.938667,3841.0
-3.074441,52.938763,3842.0
-3.074559,52.93885,3843.0
-3.074699,52.938927,3844.0
-3.074854,52.938988,3845.0
-3.075005,52.939034,3846.0
-3.075155,52.939075,3847.0
-3.075304,52.939106,3848.0
-3.075448,52.939133,3849.0
-3.075581,52.939159,3850.0
-3.075714,52.939197,3851.0
-3.075823,52.939243,3852.0
-3.075925,52.939293,3853.0
-3.076021,52.939342,3854.0
-3.07611,52.939403,3855.0
-3.076202,52.939472,3856.0
-3.076297,52.939541,3857.0
-3.076391,52.939617,3858.0
-3.076482,52.939682,3859.0
-3.076572,52.939754,3860.0
-3.076658,52.939819,3861.0
-3.07674,52.939884,3862.0
-3.076821,52.939953,3863.0
-3.076897,52.940018,3864.0
-3.07697,52.940083,3865.0
-3.077044,52.940151,3866.0
-3.077121,52.94022,3867.0
-3.077201,52.940292,3868.0
-3.077278,52.940365,3869.0
-3.077358,52.940437,3870.0
-3.077442,52.940502,3871.0
-3.077528,52.940567,3872.0
-3.077625,52.940628,3873.0
-3.07773,52.940689,3874.0
-3.077838,52.94075,3875.0
-3.077949,52.940811,3876.0
-3.078056,52.940865,3877.0
-3.078166,52.94091,3878.0
-3.078284,52.940952,3879.0
-3.078409,52.940987,3880.0
-3.078541,52.941021,3881.0
-3.078674,52.941051,3882.0
-3.078802,52.941093,3883.0
-3.078915,52.941139,3884.0
-3.079019,52.941193,3885.0
-3.079119,52.941246,3886.0
-3.079224,52.941303,3887.0
-3.079329,52.941341,3888.0
-3.079428,52.941387,3889.0
-3.079516,52.941425,3890.0
-3.079597,52.941456,3891.0
-3.079684,52.941479,3892.0
-3.07973,52.941498,3893.0
-3.079762,52.941505,3894.0
-3.079767,52.941517,3895.0
-3.079784,52.941528,3896.0
-3.079816,52.94154,3897.0
-3.079867,52.941559,3898.0
-3.079929,52.941586,3899.0
-3.079992,52.941616,3900.0
-3.080063,52.941639,3901.0
-3.080145,52.941666,3902.0
-3.080234,52.941692,3903.0
-3.080323,52.941727,3904.0
-3.080425,52.941753,3905.0
-3.080516,52.941784,3906.0
-3.080616,52.941826,3907.0
-3.080695,52.941879,3908.0
-3.080777,52.941921,3909.0
-3.080874,52.941967,3910.0
-3.080972,52.942017,3911.0
-3.081082,52.942062,3912.0
-3.081189,52.942116,3913.0
-3.081278,52.942165,3914.0
-3.081377,52.942222,3915.0
-3.081434,52.942238,3916.0
-3.081532,52.942299,3917.0
-3.081613,52.942352,3918.0
-3.081645,52.942371,3919.0
-3.081734,52.942448,3920.0
-3.081851,52.94252,3921.0
-3.081937,52.942581,3922.0
-3.082042,52.94265,3923.0
-3.082094,52.942661,3924.0
-3.082162,52.942676,3925.0
-3.082266,52.942734,3926.0
-3.082383,52.942795,3927.0
-3.082502,52.942883,3928.0
-3.082623,52.942955,3929.0
-3.082752,52.943035,3930.0
-3.082886,52.943081,3931.0
-3.082983,52.943134,3932.0
-3.083047,52.943203,3933.0
-3.083188,52.943245,3934.0
-3.083341,52.943283,3935.0
-3.083488,52.943333,3936.0
-3.083615,52.943378,3937.0
-3.083744,52.943443,3938.0
-3.083854,52.943508,3939.0
-3.083987,52.943546,3940.0
-3.084023,52.943539,3941.0
-3.084165,52.943592,3942.0
-3.084197,52.943611,3943.0
-3.084329,52.943676,3944.0
-3.084436,52.943764,3945.0
-3.084559,52.94384,3946.0
-3.084642,52.943909,3947.0
-3.084713,52.943993,3948.0
-3.084765,52.944065,3949.0
-3.084844,52.944149,3950.0
-3.084952,52.944252,3951.0
-3.085032,52.944328,3952.0
-3.085097,52.94442,3953.0
-3.085166,52.944504,3954.0
-3.085223,52.94458,3955.0
-3.085286,52.944652,3956.0
-3.085335,52.944736,3957.0
-3.085364,52.944813,3958.0
-3.08538,52.944874,3959.0
-3.08541,52.94495,3960.0
-3.085425,52.945038,3961.0
-3.085435,52.945118,3962.0
-3.085454,52.945187,3963.0
-3.085435,52.945263,3964.0
-3.085416,52.945343,3965.0
-3.085387,52.945434,3966.0
-3.085371,52.945507,3967.0
-3.085372,52.94558,3968.0
-3.085386,52.94561,3969.0
-3.085396,52.945633,3970.0
-3.085396,52.945641,3971.0
-3.085404,52.945656,3972.0
-3.085419,52.945679,3973.0
-3.085436,52.945721,3974.0
-3.085466,52.945766,3975.0
-3.085503,52.94582,3976.0
-3.085539,52.945866,3977.0
-3.085585,52.945923,3978.0
-3.085632,52.945976,3979.0
-3.085679,52.94603,3980.0
-3.085727,52.946095,3981.0
-3.085771,52.946156,3982.0
-3.085816,52.946216,3983.0
-3.085859,52.946278,3984.0
-3.085894,52.946342,3985.0
-3.085921,52.946404,3986.0
-3.085941,52.946464,3987.0
-3.085953,52.946529,3988.0
-3.085961,52.946594,3989.0
-3.085967,52.946655,3990.0
-3.085973,52.946724,3991.0
-3.085982,52.946789,3992.0
-3.086002,52.946865,3993.0
-3.086026,52.946937,3994.0
-3.086048,52.947018,3995.0
-3.086076,52.947098,3996.0
-3.086101,52.947186,3997.0
-3.086134,52.947266,3998.0
-3.086167,52.94735,3999.0
-3.086201,52.94743,4000.0
-3.086234,52.947506,4001.0
-3.086269,52.947582,4002.0
-3.0863,52.947647,4003.0
-3.086326,52.947708,4004.0
-3.086346,52.947765,4005.0
-3.086364,52.947819,4006.0
-3.086372,52.947868,4007.0
-3.086386,52.947918,4008.0
-3.086386,52.947975,4009.0
-3.086375,52.948044,4010.0
-3.08637,52.948097,4011.0
-3.086358,52.948158,4012.0
-3.086345,52.948223,4013.0
-3.086333,52.948292,4014.0
-3.086316,52.948353,4015.0
-3.086301,52.948402,4016.0
-3.086294,52.948463,4017.0
-3.086291,52.948528,4018.0
-3.086294,52.948589,4019.0
-3.086297,52.94865,4020.0
-3.086288,52.948707,4021.0
-3.086273,52.948753,4022.0
-3.086248,52.948795,4023.0
-3.086225,52.948853,4024.0
-3.086201,52.948898,4025.0
-3.08619,52.948955,4026.0
-3.086162,52.949001,4027.0
-3.086118,52.949062,4028.0
-3.086109,52.949093,4029.0
-3.086065,52.94915,4030.0
-3.086045,52.949219,4031.0
-3.085968,52.949264,4032.0
-3.085944,52.949299,4033.0
-3.085901,52.949352,4034.0
-3.085843,52.949398,4035.0
-3.085807,52.94944,4036.0
-3.085751,52.949493,4037.0
-3.085705,52.949543,4038.0
-3.085646,52.949604,4039.0
-3.085576,52.949642,4040.0
-3.085513,52.949695,4041.0
-3.085448,52.949749,4042.0
-3.085381,52.949795,4043.0
-3.085313,52.949841,4044.0
-3.08524,52.949894,4045.0
-3.085162,52.949951,4046.0
-3.085093,52.950008,4047.0
-3.085026,52.950062,4048.0
-3.084963,52.950111,4049.0
-3.084911,52.950161,4050.0
-3.084866,52.950207,4051.0
-3.084838,52.950245,4052.0
-3.084817,52.950275,4053.0
-3.084802,52.950298,4054.0
-3.08478,52.950317,4055.0
-3.084765,52.950336,4056.0
-3.084749,52.950371,4057.0
-3.084741,52.95042,4058.0
-3.08474,52.950462,4059.0
-3.084757,52.950519,4060.0
-3.084773,52.950573,4061.0
-3.0848,52.950634,4062.0
-3.084824,52.950691,4063.0
-3.084831,52.950745,4064.0
-3.084829,52.950798,4065.0
-3.084822,52.950851,4066.0
-3.084821,52.950905,4067.0
-3.084799,52.950981,4068.0
-3.084792,52.951023,4069.0
-3.084778,52.951092,4070.0
-3.084754,52.951096,4071.0
-3.08469,52.95116,4072.0
-3.084656,52.95124,4073.0
-3.084656,52.951321,4074.0
-3.084649,52.951408,4075.0
-3.084676,52.951511,4076.0
-3.084688,52.95158,4077.0
-3.08471,52.951649,4078.0
-3.084724,52.951736,4079.0
-3.084732,52.951816,4080.0
-3.084726,52.951889,4081.0
-3.084719,52.951954,4082.0
-3.084725,52.95203,4083.0
-3.084706,52.952103,4084.0
-3.084687,52.952171,4085.0
-3.084655,52.952244,4086.0
-3.084614,52.95232,4087.0
-3.08456,52.952381,4088.0
-3.08456,52.952511,4089.0
-3.084387,52.952518,4090.0
-3.084406,52.952595,4091.0
-3.084356,52.952644,4092.0
-3.084318,52.952702,4093.0
-3.08428,52.952759,4094.0
-3.084256,52.95282,4095.0
-3.084246,52.952877,4096.0
-3.084255,52.952938,4097.0
-3.084271,52.95301,4098.0
-3.084287,52.953087,4099.0
-3.084307,52.953159,4100.0
-3.084329,52.953232,4101.0
-3.084348,52.953293,4102.0
-3.084358,52.953346,4103.0
-3.08437,52.953396,4104.0
-3.084378,52.953442,4105.0
-3.084383,52.953487,4106.0
-3.084382,52.953537,4107.0
-3.08438,52.953564,4108.0
-3.084361,52.95359,4109.0
-3.084353,52.953598,4110.0
-3.084338,52.953648,4111.0
-3.084321,52.953705,4112.0
-3.084288,52.953773,4113.0
-3.084288,52.953846,4114.0
-3.084259,52.953911,4115.0
-3.084229,52.953976,4116.0
-3.084209,52.95404,4117.0
-3.084184,52.954109,4118.0
-3.084151,52.954166,4119.0
-3.084114,52.954216,4120.0
-3.084071,52.954258,4121.0
-3.084025,52.954296,4122.0
-3.083956,52.954338,4123.0
-3.083865,52.954369,4124.0
-3.083778,52.954411,4125.0
-3.083686,52.954445,4126.0
-3.083598,52.954483,4127.0
-3.083512,52.954525,4128.0
-3.083435,52.954567,4129.0
-3.083371,52.954609,4130.0
-3.083319,52.954647,4131.0
-3.083282,52.954697,4132.0
-3.083257,52.95475,4133.0
-3.083248,52.954807,4134.0
-3.083264,52.954861,4135.0
-3.083293,52.954914,4136.0
-3.083322,52.954971,4137.0
-3.083356,52.955028,4138.0
-3.083391,52.955086,4139.0
-3.083431,52.955147,4140.0
-3.083475,52.955208,4141.0
-3.083523,52.955269,4142.0
-3.083571,52.955337,4143.0
-3.083625,52.955406,4144.0
-3.08368,52.955471,4145.0
-3.083739,52.955536,4146.0
-3.083785,52.955608,4147.0
-3.083838,52.955677,4148.0
-3.083891,52.95575,4149.0
-3.083945,52.955822,4150.0
-3.084,52.955894,4151.0
-3.084053,52.955959,4152.0
-3.084105,52.956028,4153.0
-3.084163,52.956093,4154.0
-3.084229,52.956154,4155.0
-3.084302,52.956215,4156.0
-3.084379,52.956264,4157.0
-3.084454,52.956318,4158.0
-3.084517,52.956371,4159.0
-3.08457,52.956421,4160.0
-3.084614,52.956478,4161.0
-3.084656,52.956547,4162.0
-3.0847,52.956615,4163.0
-3.084745,52.956688,4164.0
-3.084804,52.95676,4165.0
-3.084867,52.956825,4166.0
-3.084938,52.956879,4167.0
-3.085014,52.956917,4168.0
-3.085098,52.956947,4169.0
-3.085184,52.956974,4170.0
-3.085273,52.956993,4171.0
-3.085361,52.95702,4172.0
-3.085443,52.957054,4173.0
-3.085522,52.957092,4174.0
-3.08559,52.957138,4175.0
-3.085659,52.957184,4176.0
-3.085715,52.95723,4177.0
-3.085759,52.957271,4178.0
-3.085766,52.957306,4179.0
-3.085768,52.957333,4180.0
-3.085788,52.957359,4181.0
-3.08581,52.957401,4182.0
-3.085844,52.957439,4183.0
-3.085881,52.957481,4184.0
-3.085912,52.957519,4185.0
-3.08595,52.957558,4186.0
-3.085997,52.957584,4187.0
-3.086041,52.957615,4188.0
-3.086072,52.957657,4189.0
-3.086127,52.95768,4190.0
-3.086135,52.957687,4191.0
-3.086194,52.957695,4192.0
-3.086268,52.957703,4193.0
-3.086339,52.957706,4194.0
-3.086481,52.957741,4195.0
-3.08657,52.957741,4196.0
-3.086696,52.957764,4197.0
-3.086819,52.957771,4198.0
-3.086945,52.957779,4199.0
-3.087036,52.95776,4200.0
-3.087083,52.957699,4201.0
-3.087074,52.957729,4202.0
-3.087158,52.957718,4203.0
-3.087231,52.957718,4204.0
-3.087291,52.957668,4205.0
-3.087353,52.957664,4206.0
-3.087449,52.957695,4207.0
-3.087495,52.957695,4208.0
-3.087586,52.957729,4209.0
-3.087666,52.957764,4210.0
-3.087742,52.957794,4211.0
-3.087831,52.957828,4212.0
-3.087909,52.957863,4213.0
-3.087987,52.957893,4214.0
-3.08806,52.957909,4215.0
-3.088124,52.95792,4216.0
-3.08819,52.95792,4217.0
-3.088249,52.95792,4218.0
-3.088298,52.957916,4219.0
-3.088353,52.957932,4220.0
-3.088383,52.957951,4221.0
-3.08838,52.957954,4222.0
-3.088415,52.957981,4223.0
-3.088444,52.957996,4224.0
-3.088465,52.958027,4225.0
-3.08844,52.958042,4226.0
-3.08841,52.958069,4227.0
-3.088386,52.958095,4228.0
-3.08835,52.958126,4229.0
-3.088301,52.958179,4230.0
-3.088261,52.958218,4231.0
-3.088218,52.958271,4232.0
-3.088159,52.958301,4233.0
-3.088095,52.95834,4234.0
-3.088052,52.958374,4235.0
-3.087999,52.958405,4236.0
-3.087944,52.958439,4237.0
-3.087891,52.958485,4238.0
-3.087842,52.958519,4239.0
-3.087799,52.958549,4240.0
-3.087748,52.958591,4241.0
-3.087712,52.958633,4242.0
-3.087704,52.958675,4243.0
-3.087702,52.958721,4244.0
-3.087711,52.958755,4245.0
-3.087728,52.958797,4246.0
-3.087757,52.958843,4247.0
-3.087779,52.9589,4248.0
-3.0878,52.958965,4249.0
-3.087813,52.959026,4250.0
-3.08782,52.959091,4251.0
-3.087825,52.959152,4252.0
-3.087816,52.959217,4253.0
-3.087804,52.959274,4254.0
-3.087802,52.959335,4255.0
-3.087786,52.959389,4256.0
-3.087787,52.959435,4257.0
-3.087768,52.959469,4258.0
-3.087767,52.959511,4259.0
-3.087784,52.959553,4260.0
-3.087781,52.959595,4261.0
-3.087786,52.95964,4262.0
-3.087809,52.959686,4263.0
-3.087825,52.959736,4264.0
-3.087849,52.959785,4265.0
-3.087867,52.959835,4266.0
-3.087887,52.959892,4267.0
-3.087897,52.959946,4268.0
-3.087888,52.959995,4269.0
-3.087879,52.960049,4270.0
-3.087854,52.960102,4271.0
-3.087829,52.960175,4272.0
-3.087798,52.960232,4273.0
-3.087768,52.960297,4274.0
-3.087737,52.960342,4275.0
-3.087714,52.960388,4276.0
-3.0877,52.960415,4277.0
-3.087678,52.960445,4278.0
-3.08765,52.96048,4279.0
-3.087633,52.960499,4280.0
-3.087599,52.960518,4281.0
-3.087552,52.960552,4282.0
-3.087519,52.960579,4283.0
-3.087448,52.960602,4284.0
-3.087419,52.960617,4285.0
-3.087317,52.960655,4286.0
-3.087207,52.960693,4287.0
-3.087105,52.960716,4288.0
-3.086998,52.960735,4289.0
-3.086904,52.96077,4290.0
-3.086812,52.960789,4291.0
-3.086799,52.960808,4292.0
-3.086588,52.960884,4293.0
-3.08646,52.960926,4294.0
-3.086342,52.960953,4295.0
-3.086239,52.960995,4296.0
-3.086132,52.961021,4297.0
-3.086054,52.961067,4298.0
-3.085972,52.961124,4299.0
-3.085889,52.961143,4300.0
-3.085812,52.961143,4301.0
-3.085732,52.961147,4302.0
-3.085645,52.961143,4303.0
-3.085559,52.961136,4304.0
-3.085475,52.961132,4305.0
-3.085378,52.961124,4306.0
-3.085317,52.961128,4307.0
-3.085268,52.961128,4308.0
-3.085236,52.961132,4309.0
-3.085208,52.96114,4310.0
-3.085193,52.961155,4311.0
-3.085174,52.961174,4312.0
-3.08517,52.961193,4313.0
-3.08519,52.961205,4314.0
-3.085232,52.961224,4315.0
-3.085284,52.961239,4316.0
-3.085354,52.961258,4317.0
-3.085428,52.961285,4318.0
-3.085513,52.961304,4319.0
-3.085606,52.961326,4320.0
-3.085688,52.961338,4321.0
-3.085788,52.961342,4322.0
-3.085862,52.961338,4323.0
-3.085958,52.96133,4324.0
-3.08605,52.961319,4325.0
-3.086143,52.961307,4326.0
-3.086215,52.961304,4327.0
-3.086302,52.961326,4328.0
-3.086365,52.961326,4329.0
-3.086423,52.961326,4330.0
-3.086486,52.961334,4331.0
-3.086556,52.961353,4332.0
-3.086641,52.96138,4333.0
-3.086717,52.961403,4334.0
-3.086788,52.96143,4335.0
-3.086856,52.961464,4336.0
-3.086926,52.961498,4337.0
-3.086985,52.961548,4338.0
-3.087045,52.961601,4339.0
-3.087101,52.961651,4340.0
-3.087156,52.961693,4341.0
-3.087211,52.961735,4342.0
-3.087254,52.961769,4343.0
-3.087303,52.961811,4344.0
-3.087333,52.961853,4345.0
-3.087361,52.961887,4346.0
-3.087381,52.961914,4347.0
-3.087396,52.961937,4348.0
-3.087406,52.961952,4349.0
-3.087413,52.961967,4350.0
-3.087432,52.961979,4351.0
-3.087451,52.962006,4352.0
-3.087474,52.962032,4353.0
-3.08749,52.962055,4354.0
-3.087512,52.962055,4355.0
-3.087466,52.962082,4356.0
-3.087459,52.962086,4357.0
-3.087422,52.962112,4358.0
-3.087451,52.962116,4359.0
-3.087437,52.962109,4360.0
-3.087439,52.962082,4361.0
-3.087429,52.962074,4362.0
-3.087419,52.962074,4363.0
-3.087412,52.962055,4364.0
-3.087412,52.96207,4365.0
-3.087426,52.962078,4366.0
-3.087418,52.962059,4367.0
-3.087443,52.962067,4368.0
-3.087472,52.962078,4369.0
-3.087445,52.962116,4370.0
-3.087453,52.962135,4371.0
-3.087464,52.962166,4372.0
-3.087509,52.962196,4373.0
-3.087525,52.962238,4374.0
-3.087541,52.962273,4375.0
-3.087548,52.962303,4376.0
-3.087572,52.96233,4377.0
-3.087579,52.96236,4378.0
-3.087593,52.962391,4379.0
-3.087597,52.962421,4380.0
-3.087606,52.962444,4381.0
-3.087607,52.962471,4382.0
-3.087597,52.962498,4383.0
-3.087576,52.96252,4384.0
-3.087538,52.962547,4385.0
-3.087483,52.962582,4386.0
-3.087438,52.962612,4387.0
-3.087394,52.962646,4388.0
-3.087339,52.962677,4389.0
-3.087265,52.962708,4390.0
-3.087186,52.962746,4391.0
-3.087098,52.962776,4392.0
-3.087018,52.962803,4393.0
-3.086951,52.962829,4394.0
-3.086879,52.962856,4395.0
-3.086817,52.962879,4396.0
-3.086752,52.962906,4397.0
-3.086691,52.962933,4398.0
-3.086634,52.962959,4399.0
-3.086582,52.962982,4400.0
-3.086528,52.963009,4401.0
-3.086477,52.963032,4402.0
-3.08642,52.963051,4403.0
-3.086352,52.96307,4404.0
-3.086271,52.963089,4405.0
-3.086196,52.9631,4406.0
-3.086122,52.963112,4407.0
-3.086056,52.963119,4408.0
-3.085999,52.963127,4409.0
-3.085942,52.963131,4410.0
-3.085895,52.963142,4411.0
-3.085863,52.963142,4412.0
-3.085822,52.963154,4413.0
-3.085779,52.963169,4414.0
-3.085726,52.963177,4415.0
-3.085673,52.96318,4416.0
-3.085621,52.963184,4417.0
-3.085571,52.963184,4418.0
-3.085518,52.963184,4419.0
-3.085469,52.96318,4420.0
-3.085426,52.963177,4421.0
-3.08539,52.963173,4422.0
-3.085355,52.963177,4423.0
-3.085326,52.963188,4424.0
-3.085309,52.963203,4425.0
-3.085311,52.963223,4426.0
-3.085319,52.963234,4427.0
-3.085332,52.963253,4428.0
-3.085352,52.963268,4429.0
-3.085378,52.963276,4430.0
-3.085414,52.96328,4431.0
-3.085448,52.963291,4432.0
-3.085486,52.963299,4433.0
-3.085519,52.963303,4434.0
-3.085548,52.963306,4435.0
-3.085569,52.963318,4436.0
-3.085582,52.963322,4437.0
-3.085587,52.963326,4438.0
-3.085594,52.963329,4439.0
-3.085596,52.963333,4440.0
-3.085598,52.963337,4441.0
-3.085599,52.963337,4442.0
-3.085601,52.963337,4443.0
-3.085601,52.963337,4444.0
-3.085601,52.963337,4445.0
-3.085606,52.963344,4446.0
-3.085611,52.963348,4447.0
-3.085612,52.963344,4448.0
-3.085612,52.963348,4449.0
-3.085612,52.963348,4450.0
-3.085612,52.963352,4451.0
-3.085613,52.963352,4452.0
-3.085613,52.963352,4453.0
-3.085613,52.963352,4454.0
-3.085612,52.963352,4455.0
-3.085612,52.963352,4456.0
-3.085612,52.963352,4457.0
-3.085612,52.963352,4458.0
-3.085612,52.963352,4459.0
-3.085612,52.963352,4460.0
-3.085613,52.963352,4461.0
-3.085613,52.963352,4462.0
-3.085615,52.963356,4463.0
-3.085611,52.963367,4464.0
-3.08559,52.963383,4465.0
-3.085548,52.96339,4466.0
-3.085508,52.963383,4467.0
-3.085449,52.963371,4468.0
-3.08537,52.963352,4469.0
-3.085279,52.963333,4470.0
-3.085178,52.96331,4471.0
-3.085068,52.963287,4472.0
-3.084953,52.963261,4473.0
-3.084836,52.963234,4474.0
-3.084717,52.963207,4475.0
-3.084595,52.96318,4476.0
-3.084473,52.963158,4477.0
-3.084348,52.963135,4478.0
-3.08422,52.963112,4479.0
-3.084093,52.963089,4480.0
-3.083968,52.963066,4481.0
-3.083842,52.963039,4482.0
-3.083714,52.963009,4483.0
-3.083584,52.962978,4484.0
-3.083451,52.962944,4485.0
-3.083318,52.96291,4486.0
-3.083178,52.962875,4487.0
-3.083036,52.962837,4488.0
-3.082886,52.962803,4489.0
-3.08273,52.962772,4490.0
-3.082571,52.962742,4491.0
-3.082405,52.962719,4492.0
-3.082237,52.962696,4493.0
-3.082072,52.962677,4494.0
-3.081905,52.962669,4495.0
-3.081742,52.962662,4496.0
-3.081579,52.962662,4497.0
-3.081413,52.962669,4498.0
-3.081245,52.962677,4499.0
-3.081078,52.962688,4500.0
-3.080909,52.9627,4501.0
-3.080738,52.962708,4502.0
-3.080561,52.962711,4503.0
-3.080378,52.962715,4504.0
-3.080189,52.962711,4505.0
-3.079998,52.962704,4506.0
-3.079808,52.962688,4507.0
-3.079622,52.962665,4508.0
-3.079446,52.962639,4509.0
-3.079263,52.962601,4510.0
-3.07908,52.962559,4511.0
-3.078895,52.962509,4512.0
-3.078715,52.962452,4513.0
-3.078532,52.962379,4514.0
-3.078356,52.962299,4515.0
-3.078181,52.962212,4516.0
-3.078012,52.962112,4517.0
-3.077851,52.962002,4518.0
-3.0777,52.961887,4519.0
-3.07756,52.961761,4520.0
-3.077431,52.961632,4521.0
-3.077303,52.961502,4522.0
-3.077174,52.961368,4523.0
-3.077045,52.961239,4524.0
-3.076914,52.961117,4525.0
-3.076779,52.960995,4526.0
-3.07663,52.960873,4527.0
-3.076472,52.960762,4528.0
-3.076304,52.960651,4529.0
-3.076132,52.960541,4530.0
-3.075948,52.960434,4531.0
-3.075764,52.960327,4532.0
-3.075588,52.960224,4533.0
-3.075397,52.960121,4534.0
-3.075203,52.960014,4535.0
-3.075014,52.9599,4536.0
-3.074821,52.959793,4537.0
-3.074624,52.95969,4538.0
-3.074421,52.959591,4539.0
-3.074215,52.959492,4540.0
-3.074009,52.959389,4541.0
-3.073798,52.959293,4542.0
-3.073586,52.959198,4543.0
-3.073373,52.959103,4544.0
-3.073163,52.959015,4545.0
-3.072951,52.958916,4546.0
-3.072734,52.958824,4547.0
-3.072516,52.958729,4548.0
-3.072295,52.958633,4549.0
-3.072072,52.958534,4550.0
-3.071849,52.958435,4551.0
-3.071631,52.958328,4552.0
-3.071411,52.958225,4553.0
-3.071198,52.958115,4554.0
-3.070979,52.958019,4555.0
-3.070766,52.957916,4556.0
-3.070556,52.957817,4557.0
-3.070348,52.957714,4558.0
-3.070143,52.957611,4559.0
-3.069951,52.957512,4560.0
-3.069752,52.957417,4561.0
-3.069559,52.957317,4562.0
-3.069371,52.957222,4563.0
-3.069187,52.957123,4564.0
-3.069003,52.957024,4565.0
-3.068829,52.956928,4566.0
-3.068656,52.95684,4567.0
-3.068498,52.956764,4568.0
-3.068352,52.956692,4569.0
-3.068225,52.956623,4570.0
-3.068118,52.956566,4571.0
-3.06802,52.956516,4572.0
-3.067921,52.956482,4573.0
-3.067815,52.956467,4574.0
-3.067708,52.956478,4575.0
-3.067607,52.956505,4576.0
-3.067506,52.956554,4577.0
-3.067418,52.956615,4578.0
-3.067334,52.956692,4579.0
-3.067253,52.956779,4580.0
-3.067163,52.956875,4581.0
-3.067071,52.956974,4582.0
-3.066978,52.957077,4583.0
-3.066881,52.957184,4584.0
-3.066781,52.957294,4585.0
-3.066683,52.957401,4586.0
-3.066585,52.957504,4587.0
-3.066492,52.957607,4588.0
-3.066388,52.957718,4589.0
-3.066277,52.957828,4590.0
-3.06616,52.957939,4591.0
-3.066038,52.958053,4592.0
-3.065922,52.958176,4593.0
-3.065813,52.958301,4594.0
-3.065711,52.958431,4595.0
-3.065604,52.958557,4596.0
-3.065494,52.958683,4597.0
-3.065386,52.958797,4598.0
-3.06528,52.958908,4599.0
-3.065175,52.959019,4600.0
-3.065073,52.959125,4601.0
-3.064972,52.959221,4602.0
-3.064867,52.959305,4603.0
-3.064742,52.959373,4604.0
-3.064602,52.959431,4605.0
-3.064454,52.959484,4606.0
-3.064304,52.959534,4607.0
-3.064147,52.959583,4608.0
-3.06399,52.959637,4609.0
-3.063828,52.959686,4610.0
-3.06367,52.95974,4611.0
-3.063507,52.959789,4612.0
-3.063344,52.959839,4613.0
-3.063181,52.959892,4614.0
-3.063016,52.959946,4615.0
-3.06285,52.959999,4616.0
-3.062683,52.960052,4617.0
-3.062517,52.960106,4618.0
-3.06235,52.960159,4619.0
-3.062185,52.960213,4620.0
-3.062019,52.960262,4621.0
-3.061851,52.960316,4622.0
-3.061677,52.960369,4623.0
-3.061505,52.960422,4624.0
-3.061334,52.96048,4625.0
-3.061163,52.960537,4626.0
-3.060992,52.960594,4627.0
-3.060821,52.960651,4628.0
-3.06065,52.960712,4629.0
-3.060482,52.960777,4630.0
-3.060316,52.960846,4631.0
-3.060155,52.960918,4632.0
-3.059998,52.960995,4633.0
-3.059852,52.961075,4634.0
-3.059717,52.961159,4635.0
-3.059594,52.96125,4636.0
-3.059483,52.961346,4637.0
-3.059383,52.961449,4638.0
-3.059286,52.961555,4639.0
-3.059197,52.961658,4640.0
-3.059112,52.961765,4641.0
-3.05903,52.961872,4642.0
-3.05895,52.961979,4643.0
-3.058873,52.962086,4644.0
-3.058796,52.962196,4645.0
-3.058718,52.962303,4646.0
-3.058642,52.96241,4647.0
-3.058567,52.962517,4648.0
-3.058494,52.962627,4649.0
-3.058426,52.962734,4650.0
-3.058363,52.962845,4651.0
-3.0583,52.962959,4652.0
-3.058235,52.963066,4653.0
-3.05817,52.963177,4654.0
-3.058097,52.96328,4655.0
-3.058018,52.963383,4656.0
-3.057936,52.963486,4657.0
-3.05785,52.963581,4658.0
-3.057763,52.96368,4659.0
-3.057679,52.963779,4660.0
-3.057595,52.963882,4661.0
-3.057512,52.963978,4662.0
-3.057431,52.964077,4663.0
-3.057352,52.964176,4664.0
-3.057273,52.964272,4665.0
-3.057196,52.964367,4666.0
-3.057122,52.964466,4667.0
-3.057052,52.964561,4668.0
-3.056984,52.964653,4669.0
-3.056921,52.964748,4670.0
-3.056864,52.964844,4671.0
-3.056811,52.964935,4672.0
-3.056762,52.965031,4673.0
-3.05672,52.965118,4674.0
-3.056692,52.965214,4675.0
-3.056685,52.965305,4676.0
-3.056704,52.965401,4677.0
-3.056758,52.965477,4678.0
-3.056808,52.965572,4679.0
-3.056856,52.965679,4680.0
-3.056917,52.965778,4681.0
-3.056963,52.965877,4682.0
-3.057012,52.965988,4683.0
-3.057053,52.966099,4684.0
-3.057085,52.966225,4685.0
-3.057108,52.966347,4686.0
-3.057126,52.966457,4687.0
-3.057168,52.966576,4688.0
-3.057184,52.966694,4689.0
-3.057234,52.966801,4690.0
-3.057276,52.9669,4691.0
-3.057344,52.96701,4692.0
-3.057517,52.96719,4693.0
-3.057517,52.96719,4694.0
-3.057532,52.967201,4695.0
-3.057645,52.967285,4696.0
-3.057737,52.967365,4697.0
-3.05785,52.967365,4698.0
-3.058031,52.967445,4699.0
-3.058151,52.967499,4700.0
-3.058296,52.967556,4701.0
-3.058463,52.967621,4702.0
-3.058624,52.967655,4703.0
-3.058761,52.967712,4704.0
-3.058937,52.967766,4705.0
-3.059063,52.967823,4706.0
-3.059257,52.967876,4707.0
-3.059436,52.967941,4708.0
-3.059577,52.967995,4709.0
-3.059734,52.96804,4710.0
-3.059906,52.96809,4711.0
-3.06009,52.968132,4712.0
-3.060252,52.968174,4713.0
-3.060428,52.968208,4714.0
-3.060594,52.968235,4715.0
-3.060757,52.968258,4716.0
-3.060928,52.968288,4717.0
-3.061097,52.968327,4718.0
-3.061262,52.968365,4719.0
-3.061424,52.968395,4720.0
-3.061572,52.968422,4721.0
-3.061735,52.96846,4722.0
-3.061895,52.968498,4723.0
-3.062046,52.96854,4724.0
-3.062199,52.968578,4725.0
-3.06231,52.96862,4726.0
-3.062435,52.968643,4727.0
-3.062534,52.968658,4728.0
-3.062619,52.968655,4729.0
-3.062734,52.968635,4730.0
-3.062759,52.968655,4731.0
-3.062851,52.968605,4732.0
-3.062963,52.968548,4733.0
-3.06303,52.968483,4734.0
-3.063105,52.968422,4735.0
-3.063178,52.968353,4736.0
-3.063252,52.968269,4737.0
-3.063315,52.968182,4738.0
-3.063375,52.96809,4739.0
-3.063429,52.967991,4740.0
-3.063477,52.96788,4741.0
-3.063497,52.967869,4742.0
-3.063541,52.967762,4743.0
-3.063591,52.967655,4744.0
-3.063606,52.96764,4745.0
-3.063625,52.967514,4746.0
-3.063641,52.967392,4747.0
-3.063698,52.967361,4748.0
-3.063742,52.967243,4749.0
-3.063769,52.96722,4750.0
-3.063815,52.967125,4751.0
-3.063863,52.967022,4752.0
-3.063926,52.966915,4753.0
-3.063965,52.966823,4754.0
-3.064026,52.966736,4755.0
-3.064106,52.966659,4756.0
-3.06427,52.966576,4757.0
-3.064333,52.966511,4758.0
-3.064491,52.966408,4759.0
-3.064668,52.966305,4760.0
-3.064786,52.966267,4761.0
-3.064929,52.966198,4762.0
-3.065079,52.966198,4763.0
-3.065229,52.966144,4764.0
-3.065371,52.966148,4765.0
-3.06551,52.966152,4766.0
-3.065651,52.966167,4767.0
-3.065791,52.966183,4768.0
-3.065923,52.966198,4769.0
-3.066044,52.966217,4770.0
-3.066156,52.966248,4771.0
-3.06626,52.966282,4772.0
-3.066355,52.966328,4773.0
-3.066432,52.966381,4774.0
-3.066487,52.96645,4775.0
-3.066528,52.966526,4776.0
-3.066581,52.966599,4777.0
-3.06659,52.96661,4778.0
-3.066641,52.966713,4779.0
-3.066731,52.966797,4780.0
-3.066785,52.966881,4781.0
-3.06685,52.966976,4782.0
-3.066916,52.967072,4783.0
-3.066976,52.967171,4784.0
-3.067045,52.967285,4785.0
-3.067113,52.967396,4786.0
-3.067181,52.967495,4787.0
-3.067247,52.967602,4788.0
-3.06732,52.967712,4789.0
-3.067393,52.967815,4790.0
-3.067464,52.967914,4791.0
-3.067537,52.968021,4792.0
-3.067614,52.968117,4793.0
-3.067696,52.968212,4794.0
-3.067772,52.968315,4795.0
-3.067854,52.968414,4796.0
-3.067923,52.968513,4797.0
-3.067999,52.968613,4798.0
-3.068075,52.968704,4799.0
-3.06815,52.968796,4800.0
-3.068218,52.96888,4801.0
-3.068285,52.968964,4802.0
-3.068345,52.969044,4803.0
-3.068391,52.969124,4804.0
-3.068386,52.969196,4805.0
-3.068391,52.969288,4806.0
-3.06837,52.969383,4807.0
-3.068348,52.969482,4808.0
-3.068323,52.969578,4809.0
-3.068297,52.969681,4810.0
-3.06827,52.969784,4811.0
-3.068242,52.96989,4812.0
-3.068213,52.969997,4813.0
-3.068179,52.970104,4814.0
-3.068151,52.970211,4815.0
-3.068116,52.970325,4816.0
-3.06809,52.970436,4817.0
-3.068054,52.970554,4818.0
-3.068035,52.970657,4819.0
-3.06801,52.970768,4820.0
-3.067989,52.970879,4821.0
-3.067963,52.970989,4822.0
-3.067939,52.971104,4823.0
-3.067907,52.971218,4824.0
-3.067885,52.971329,4825.0
-3.067859,52.971443,4826.0
-3.067828,52.971561,4827.0
-3.067797,52.971676,4828.0
-3.067771,52.97179,4829.0
-3.067742,52.971916,4830.0
-3.067712,52.972034,4831.0
-3.067679,52.972164,4832.0
-3.06765,52.972286,4833.0
-3.06762,52.972412,4834.0
-3.067588,52.97253,4835.0
-3.067558,52.972649,4836.0
-3.067532,52.972767,4837.0
-3.067504,52.972885,4838.0
-3.067475,52.973003,4839.0
-3.06745,52.973122,4840.0
-3.067416,52.973244,4841.0
-3.06739,52.973362,4842.0
-3.067361,52.973476,4843.0
-3.06733,52.973591,4844.0
-3.067298,52.973705,4845.0
-3.067265,52.973816,4846.0
-3.06723,52.973926,4847.0
-3.067192,52.974041,4848.0
-3.067148,52.974155,4849.0
-3.067102,52.97427,4850.0
-3.067053,52.974388,4851.0
-3.067001,52.974499,4852.0
-3.066952,52.974606,4853.0
-3.0669,52.974705,4854.0
-3.066844,52.9748,4855.0
-3.066792,52.974888,4856.0
-3.066725,52.974972,4857.0
-3.066656,52.975056,4858.0
-3.066576,52.97514,4859.0
-3.066489,52.975227,4860.0
-3.066404,52.975311,4861.0
-3.066314,52.975395,4862.0
-3.066222,52.975471,4863.0
-3.066119,52.975548,4864.0
-3.066013,52.975628,4865.0
-3.065897,52.975708,4866.0
-3.065776,52.975784,4867.0
-3.065653,52.975861,4868.0
-3.065526,52.975941,4869.0
-3.0654,52.976021,4870.0
-3.065278,52.976097,4871.0
-3.065148,52.976177,4872.0
-3.065014,52.976253,4873.0
-3.064878,52.976326,4874.0
-3.064748,52.976398,4875.0
-3.064622,52.976471,4876.0
-3.064494,52.976543,4877.0
-3.064359,52.97662,4878.0
-3.064226,52.9767,4879.0
-3.064085,52.976788,4880.0
-3.063939,52.976871,4881.0
-3.063784,52.976959,4882.0
-3.06363,52.977051,4883.0
-3.063472,52.977146,4884.0
-3.063304,52.977245,4885.0
-3.063139,52.977352,4886.0
-3.062955,52.977463,4887.0
-3.062781,52.977577,4888.0
-3.06259,52.977695,4889.0
-3.062389,52.977818,4890.0
-3.06219,52.977943,4891.0
-3.061986,52.978073,4892.0
-3.061782,52.978199,4893.0
-3.061583,52.978329,4894.0
-3.061383,52.978462,4895.0
-3.061195,52.9786,4896.0
-3.061005,52.978741,4897.0
-3.060827,52.978889,4898.0
-3.060648,52.979034,4899.0
-3.060469,52.979183,4900.0
-3.060293,52.979324,4901.0
-3.060123,52.979465,4902.0
-3.059947,52.979603,4903.0
-3.059761,52.979736,4904.0
-3.059568,52.979874,4905.0
-3.05937,52.980015,4906.0
-3.059165,52.980148,4907.0
-3.058953,52.980278,4908.0
-3.058732,52.980408,4909.0
-3.058509,52.980537,4910.0
-3.058279,52.980667,4911.0
-3.058049,52.980789,4912.0
-3.057805,52.980904,4913.0
-3.057567,52.981022,4914.0
-3.057324,52.981133,4915.0
-3.057072,52.981239,4916.0
-3.056821,52.981346,4917.0
-3.056565,52.981453,4918.0
-3.056304,52.981552,4919.0
-3.056039,52.981655,4920.0
-3.055768,52.98175,4921.0
-3.055492,52.98185,4922.0
-3.055215,52.981945,4923.0
-3.054941,52.98204,4924.0
-3.054671,52.982132,4925.0
-3.0544,52.982224,4926.0
-3.054133,52.982315,4927.0
-3.05387,52.982407,4928.0
-3.053613,52.982502,4929.0
-3.053363,52.982597,4930.0
-3.053114,52.982693,4931.0
-3.052869,52.982792,4932.0
-3.05263,52.982887,4933.0
-3.052394,52.982986,4934.0
-3.052163,52.983086,4935.0
-3.05194,52.983177,4936.0
-3.051721,52.983272,4937.0
-3.051503,52.983364,4938.0
-3.051291,52.983452,4939.0
-3.051075,52.983528,4940.0
-3.050858,52.983597,4941.0
-3.050635,52.983662,4942.0
-3.050411,52.983704,4943.0
-3.050188,52.983734,4944.0
-3.049962,52.983761,4945.0
-3.049732,52.983776,4946.0
-3.049494,52.983787,4947.0
-3.049251,52.983791,4948.0
-3.049005,52.983799,4949.0
-3.048761,52.98381,4950.0
-3.048519,52.983833,4951.0
-3.048277,52.983868,4952.0
-3.048044,52.98391,4953.0
-3.047809,52.983963,4954.0
-3.047586,52.984028,4955.0
-3.047372,52.9841,4956.0
-3.047171,52.984177,4957.0
-3.047002,52.984238,4958.0
-3.046859,52.984283,4959.0
-3.046738,52.984337,4960.0
-3.04665,52.98439,4961.0
-3.046588,52.984436,4962.0
-3.046548,52.984482,4963.0
-3.046539,52.984543,4964.0
-3.046534,52.984604,4965.0
-3.046527,52.984669,4966.0
-3.046488,52.984726,4967.0
-3.046431,52.984779,4968.0
-3.046336,52.984814,4969.0
-3.04622,52.984829,4970.0
-3.046111,52.984806,4971.0
-3.046015,52.984764,4972.0
-3.045911,52.984715,4973.0
-3.04578,52.984669,4974.0
-3.045623,52.984631,4975.0
-3.045452,52.984596,4976.0
-3.045265,52.984566,4977.0
-3.045069,52.984535,4978.0
-3.04486,52.984508,4979.0
-3.044637,52.984486,4980.0
-3.044407,52.984459,4981.0
-3.044165,52.984432,4982.0
-3.043921,52.984409,4983.0
-3.043676,52.984386,4984.0
-3.043432,52.984364,4985.0
-3.043185,52.984344,4986.0
-3.042938,52.984329,4987.0
-3.042691,52.984314,4988.0
-3.042447,52.984302,4989.0
-3.042205,52.984291,4990.0
-3.041972,52.984287,4991.0
-3.041751,52.984283,4992.0
-3.041538,52.98428,4993.0
-3.041331,52.98428,4994.0
-3.04113,52.984276,4995.0
-3.040935,52.984276,4996.0
-3.040745,52.984276,4997.0
-3.040553,52.98428,4998.0
-3.040353,52.98428,4999.0
-3.040158,52.984283,5000.0
-3.039969,52.984291,5001.0
-3.03978,52.98431,5002.0
-3.039629,52.984333,5003.0
-3.039487,52.984364,5004.0
-3.039356,52.984402,5005.0
-3.039226,52.984428,5006.0
-3.039098,52.984432,5007.0
-3.038967,52.984417,5008.0
-3.038836,52.984386,5009.0
-3.038704,52.984352,5010.0
-3.038561,52.984325,5011.0
-3.038411,52.984306,5012.0
-3.038259,52.984299,5013.0
-3.038121,52.984295,5014.0
-3.037952,52.984291,5015.0
-3.037817,52.984287,5016.0
-3.037675,52.984291,5017.0
-3.037546,52.984322,5018.0
-3.037407,52.984356,5019.0
-3.037261,52.984352,5020.0
-3.037095,52.984341,5021.0
-3.036909,52.984333,5022.0
-3.036719,52.984329,5023.0
-3.036518,52.984337,5024.0
-3.036314,52.984348,5025.0
-3.036109,52.984367,5026.0
-3.035893,52.984383,5027.0
-3.035678,52.984406,5028.0
-3.035461,52.984425,5029.0
-3.035233,52.984432,5030.0
-3.035033,52.984455,5031.0
-3.03482,52.984489,5032.0
-3.034639,52.984516,5033.0
-3.034485,52.984531,5034.0
-3.034366,52.984562,5035.0
-3.034275,52.9846,5036.0
-3.034219,52.984634,5037.0
-3.034195,52.98465,5038.0
-3.034179,52.984665,5039.0
-3.034166,52.98468,5040.0
-3.034135,52.984695,5041.0
-3.034078,52.984703,5042.0
-3.033998,52.984699,5043.0
-3.03391,52.98468,5044.0
-3.033814,52.984653,5045.0
-3.033698,52.984615,5046.0
-3.033564,52.984573,5047.0
-3.033426,52.984524,5048.0
-3.033279,52.984467,5049.0
-3.033119,52.984406,5050.0
-3.032958,52.984344,5051.0
-3.032795,52.984283,5052.0
-3.03263,52.984222,5053.0
-3.03246,52.984158,5054.0
-3.032291,52.984089,5055.0
-3.032119,52.984024,5056.0
-3.031946,52.983955,5057.0
-3.031768,52.983894,5058.0
-3.031577,52.983833,5059.0
-3.031371,52.983776,5060.0
-3.031149,52.983734,5061.0
-3.03091,52.983707,5062.0
-3.030667,52.983677,5063.0
-3.030414,52.983643,5064.0
-3.030161,52.983612,5065.0
-3.029903,52.983578,5066.0
-3.029642,52.983539,5067.0
-3.029371,52.983505,5068.0
-3.0291,52.983471,5069.0
-3.028821,52.983437,5070.0
-3.028522,52.983406,5071.0
-3.02823,52.983364,5072.0
-3.02793,52.983326,5073.0
-3.027621,52.983284,5074.0
-3.027308,52.983242,5075.0
-3.026989,52.9832,5076.0
-3.026667,52.983158,5077.0
-3.02634,52.983116,5078.0
-3.026011,52.98307,5079.0
-3.025676,52.983024,5080.0
-3.025338,52.982979,5081.0
-3.024996,52.982933,5082.0
-3.02465,52.982887,5083.0
-3.024303,52.982841,5084.0
-3.023956,52.982796,5085.0
-3.023615,52.98275,5086.0
-3.023274,52.982704,5087.0
-3.022935,52.982658,5088.0
-3.022603,52.982616,5089.0
-3.022276,52.982574,5090.0
-3.021953,52.982529,5091.0
-3.021629,52.982487,5092.0
-3.021303,52.982445,5093.0
-3.020978,52.982399,5094.0
-3.020656,52.982361,5095.0
-3.020337,52.982319,5096.0
-3.020024,52.982277,5097.0
-3.019707,52.982235,5098.0
-3.019388,52.982204,5099.0
-3.019067,52.982174,5100.0
-3.018754,52.982143,5101.0
-3.018439,52.982121,5102.0
-3.018116,52.982098,5103.0
-3.017799,52.982086,5104.0
-3.017492,52.982082,5105.0
-3.017183,52.982094,5106.0
-3.016908,52.982128,5107.0
-3.016637,52.982162,5108.0
-3.016363,52.982189,5109.0
-3.016077,52.982193,5110.0
-3.015784,52.982185,5111.0
-3.015488,52.98217,5112.0
-3.015192,52.982159,5113.0
-3.014895,52.982147,5114.0
-3.0146,52.98214,5115.0
-3.014308,52.982128,5116.0
-3.014017,52.982124,5117.0
-3.013735,52.982121,5118.0
-3.013442,52.982121,5119.0
-3.013151,52.982136,5120.0
-3.012855,52.982151,5121.0
-3.012565,52.98217,5122.0
-3.012281,52.982189,5123.0
-3.012004,52.982208,5124.0
-3.011728,52.982235,5125.0
-3.01146,52.982269,5126.0
-3.011191,52.982315,5127.0
-3.010929,52.982361,5128.0
-3.010691,52.982414,5129.0
-3.010471,52.98246,5130.0
-3.010263,52.982494,5131.0
-3.010048,52.982517,5132.0
-3.009819,52.982521,5133.0
-3.009575,52.98251,5134.0
-3.009328,52.982487,5135.0
-3.009066,52.98246,5136.0
-3.008792,52.98243,5137.0
-3.008497,52.982407,5138.0
-3.008202,52.98238,5139.0
-3.007888,52.982353,5140.0
-3.00756,52.982326,5141.0
-3.007217,52.982304,5142.0
-3.006858,52.982281,5143.0
-3.006502,52.982254,5144.0
-3.006145,52.982231,5145.0
-3.005793,52.982208,5146.0
-3.005438,52.982182,5147.0
-3.005081,52.982159,5148.0
-3.004719,52.982136,5149.0
-3.004352,52.982109,5150.0
-3.003986,52.982082,5151.0
-3.003625,52.982052,5152.0
-3.003257,52.982025,5153.0
-3.002885,52.981998,5154.0
-3.002509,52.981968,5155.0
-3.00213,52.981941,5156.0
-3.001754,52.981915,5157.0
-3.001371,52.981892,5158.0
-3.000994,52.981865,5159.0
-3.00062,52.981838,5160.0
-3.000244,52.981815,5161.0
-2.999882,52.981789,5162.0
-2.999532,52.981766,5163.0
-2.999184,52.981743,5164.0
-2.998836,52.981716,5165.0
-2.998487,52.981689,5166.0
-2.99814,52.981659,5167.0
-2.997791,52.981632,5168.0
-2.997445,52.981602,5169.0
-2.997097,52.981571,5170.0
-2.99675,52.981544,5171.0
-2.996408,52.981514,5172.0
-2.996074,52.981487,5173.0
-2.99575,52.981472,5174.0
-2.995456,52.981464,5175.0
-2.995175,52.981453,5176.0
-2.994905,52.981434,5177.0
-2.99464,52.981407,5178.0
-2.994382,52.981373,5179.0
-2.994125,52.981335,5180.0
-2.993875,52.981296,5181.0
-2.993619,52.981262,5182.0
-2.993357,52.981235,5183.0
-2.99309,52.98122,5184.0
-2.992816,52.981213,5185.0
-2.992541,52.981213,5186.0
-2.992266,52.981209,5187.0
-2.991985,52.981209,5188.0
-2.991703,52.981197,5189.0
-2.99142,52.981178,5190.0
-2.991138,52.981159,5191.0
-2.990854,52.981136,5192.0
-2.990568,52.981117,5193.0
-2.99028,52.981098,5194.0
-2.989989,52.981075,5195.0
-2.9897,52.981056,5196.0
-2.989401,52.981037,5197.0
-2.989108,52.981018,5198.0
-2.988816,52.980995,5199.0
-2.988519,52.980972,5200.0
-2.988226,52.980945,5201.0
-2.98793,52.980923,5202.0
-2.98763,52.9809,5203.0
-2.987325,52.980877,5204.0
-2.987018,52.980854,5205.0
-2.986708,52.980831,5206.0
-2.9864,52.980808,5207.0
-2.986095,52.980789,5208.0
-2.985795,52.980766,5209.0
-2.9855,52.980743,5210.0
-2.985211,52.98072,5211.0
-2.984924,52.980701,5212.0
-2.984656,52.980679,5213.0
-2.984407,52.980659,5214.0
-2.984173,52.980644,5215.0
-2.983961,52.980629,5216.0
-2.983769,52.980618,5217.0
-2.983585,52.980618,5218.0
-2.983402,52.980637,5219.0
-2.983219,52.980671,5220.0
-2.98303,52.980709,5221.0
-2.98283,52.980751,5222.0
-2.982625,52.980789,5223.0
-2.982413,52.980835,5224.0
-2.9822,52.980885,5225.0
-2.981983,52.980942,5226.0
-2.981771,52.981003,5227.0
-2.981557,52.981071,5228.0
-2.981343,52.98114,5229.0
-2.981126,52.981205,5230.0
-2.980904,52.981258,5231.0
-2.980671,52.9813,5232.0
-2.980435,52.981331,5233.0
-2.980199,52.981361,5234.0
-2.979963,52.981392,5235.0
-2.979737,52.981434,5236.0
-2.979516,52.981495,5237.0
-2.979301,52.981564,5238.0
-2.979088,52.981644,5239.0
-2.978873,52.981728,5240.0
-2.978652,52.981819,5241.0
-2.978421,52.981899,5242.0
-2.978176,52.981972,5243.0
-2.977924,52.982033,5244.0
-2.977673,52.982098,5245.0
-2.977431,52.982178,5246.0
-2.977199,52.982269,5247.0
-2.976968,52.982368,5248.0
-2.976733,52.982468,5249.0
-2.976496,52.982559,5250.0
-2.976254,52.982647,5251.0
-2.976007,52.982723,5252.0
-2.975752,52.982788,5253.0
-2.975485,52.982838,5254.0
-2.975206,52.98288,5255.0
-2.974919,52.98291,5256.0
-2.974626,52.982941,5257.0
-2.974328,52.982967,5258.0
-2.974031,52.98299,5259.0
-2.973731,52.983017,5260.0
-2.973432,52.983044,5261.0
-2.97313,52.983078,5262.0
-2.972826,52.983116,5263.0
-2.972522,52.983166,5264.0
-2.972208,52.983219,5265.0
-2.971893,52.983269,5266.0
-2.971577,52.983311,5267.0
-2.971253,52.983345,5268.0
-2.970943,52.983376,5269.0
-2.970626,52.983398,5270.0
-2.970308,52.983418,5271.0
-2.969994,52.983429,5272.0
-2.969694,52.98344,5273.0
-2.969422,52.983437,5274.0
-2.969173,52.983425,5275.0
-2.968931,52.983402,5276.0
-2.968696,52.98336,5277.0
-2.968469,52.983299,5278.0
-2.968241,52.983219,5279.0
-2.968017,52.983131,5280.0
-2.96779,52.983036,5281.0
-2.967558,52.982941,5282.0
-2.967338,52.982841,5283.0
-2.96712,52.98275,5284.0
-2.966888,52.982662,5285.0
-2.966671,52.982578,5286.0
-2.966445,52.982506,5287.0
-2.966218,52.982452,5288.0
-2.965145,52.982323,5289.0
-2.965145,52.982323,5290.0
-2.965145,52.982323,5291.0
-2.965145,52.982323,5292.0
-2.965145,52.982323,5293.0
-2.964928,52.982315,5294.0
-2.964716,52.982315,5295.0
-2.964514,52.982319,5296.0
-2.964332,52.982319,5297.0
-2.964169,52.982319,5298.0
-2.964022,52.982323,5299.0
-2.963893,52.982326,5300.0
-2.963789,52.98233,5301.0
-2.963708,52.982338,5302.0
-2.963648,52.982342,5303.0
-2.96361,52.982346,5304.0
-2.963598,52.982346,5305.0
-2.963598,52.982349,5306.0
-2.9636,52.982349,5307.0
-2.963602,52.982349,5308.0
-2.963603,52.982349,5309.0
-2.963604,52.982349,5310.0
-2.963605,52.982349,5311.0
-2.963606,52.982349,5312.0
-2.963606,52.982349,5313.0
-2.963606,52.982349,5314.0
-2.963607,52.982349,5315.0
-2.963607,52.982349,5316.0
-2.963607,52.982349,5317.0
-2.963607,52.982349,5318.0
-2.963608,52.982349,5319.0
-2.963608,52.982349,5320.0
-2.963608,52.982349,5321.0
-2.96359,52.982349,5322.0
-2.963547,52.982346,5323.0
-2.963497,52.982323,5324.0
-2.963459,52.982277,5325.0
-2.963431,52.982224,5326.0
-2.963401,52.982159,5327.0
-2.96337,52.982079,5328.0
-2.963334,52.981995,5329.0
-2.963294,52.981903,5330.0
-2.963242,52.981808,5331.0
-2.963182,52.981701,5332.0
-2.963116,52.98159,5333.0
-2.963053,52.981472,5334.0
-2.962992,52.981346,5335.0
-2.962947,52.981216,5336.0
-2.962917,52.981083,5337.0
-2.96291,52.980942,5338.0
-2.962915,52.980801,5339.0
-2.96293,52.980663,5340.0
-2.962941,52.980522,5341.0
-2.962953,52.980381,5342.0
-2.962963,52.98024,5343.0
-2.96297,52.980103,5344.0
-2.962976,52.979969,5345.0
-2.962992,52.979836,5346.0
-2.963019,52.979702,5347.0
-2.963054,52.979568,5348.0
-2.963081,52.979439,5349.0
-2.963111,52.979301,5350.0
-2.963147,52.979164,5351.0
-2.963191,52.979027,5352.0
-2.963252,52.978893,5353.0
-2.96332,52.978775,5354.0
-2.96339,52.978664,5355.0
-2.96345,52.978561,5356.0
-2.963496,52.978466,5357.0
-2.963521,52.978382,5358.0
-2.963519,52.978298,5359.0
-2.963485,52.978214,5360.0
-2.963406,52.978123,5361.0
-2.963314,52.978035,5362.0
-2.963191,52.977947,5363.0
-2.963048,52.977871,5364.0
-2.962898,52.977787,5365.0
-2.962737,52.977707,5366.0
-2.962553,52.977638,5367.0
-2.962348,52.977589,5368.0
-2.962136,52.977543,5369.0
-2.961916,52.977497,5370.0
-2.961692,52.977459,5371.0
-2.961451,52.977425,5372.0
-2.961209,52.977394,5373.0
-2.960959,52.977379,5374.0
-2.960706,52.977375,5375.0
-2.960458,52.977386,5376.0
-2.960207,52.977402,5377.0
-2.959964,52.977425,5378.0
-2.959718,52.977451,5379.0
-2.959473,52.977474,5380.0
-2.959216,52.977501,5381.0
-2.958957,52.977531,5382.0
-2.958692,52.977554,5383.0
-2.958427,52.97757,5384.0
-2.958152,52.977562,5385.0
-2.957874,52.977539,5386.0
-2.957594,52.977501,5387.0
-2.957321,52.977436,5388.0
-2.957051,52.977356,5389.0
-2.956787,52.97726,5390.0
-2.956521,52.977161,5391.0
-2.956257,52.977062,5392.0
-2.955994,52.976963,5393.0
-2.955724,52.976868,5394.0
-2.955444,52.97678,5395.0
-2.955154,52.976704,5396.0
-2.954845,52.97665,5397.0
-2.954529,52.976608,5398.0
-2.954209,52.976593,5399.0
-2.953885,52.976585,5400.0
-2.953562,52.976582,5401.0
-2.95324,52.976578,5402.0
-2.952925,52.976574,5403.0
-2.952617,52.97657,5404.0
-2.952318,52.976555,5405.0
-2.952027,52.97652,5406.0
-2.951741,52.976467,5407.0
-2.951455,52.976402,5408.0
-2.951168,52.976326,5409.0
-2.950876,52.976246,5410.0
-2.95057,52.976166,5411.0
-2.950265,52.976082,5412.0
-2.949963,52.975998,5413.0
-2.949656,52.97591,5414.0
-2.949347,52.975826,5415.0
-2.949032,52.975735,5416.0
-2.948713,52.975643,5417.0
-2.948391,52.975552,5418.0
-2.948069,52.97546,5419.0
-2.947742,52.975369,5420.0
-2.947415,52.975277,5421.0
-2.947086,52.975181,5422.0
-2.94676,52.97509,5423.0
-2.946439,52.974998,5424.0
-2.946119,52.974911,5425.0
-2.945809,52.974827,5426.0
-2.945507,52.974739,5427.0
-2.945215,52.974655,5428.0
-2.944931,52.974571,5429.0
-2.944653,52.97448,5430.0
-2.944387,52.974384,5431.0
-2.944139,52.974289,5432.0
-2.943899,52.97419,5433.0
-2.943669,52.974098,5434.0
-2.943455,52.974014,5435.0
-2.943259,52.973934,5436.0
-2.943081,52.973862,5437.0
-2.942926,52.973789,5438.0
-2.942798,52.973709,5439.0
-2.942677,52.973618,5440.0
-2.942569,52.973515,5441.0
-2.942455,52.973404,5442.0
-2.942347,52.973286,5443.0
-2.942239,52.97316,5444.0
-2.942135,52.97303,5445.0
-2.942031,52.9729,5446.0
-2.941923,52.972774,5447.0
-2.941799,52.972656,5448.0
-2.941644,52.972549,5449.0
-2.941473,52.972446,5450.0
-2.941295,52.97234,5451.0
-2.941113,52.972237,5452.0
-2.940924,52.972134,5453.0
-2.940743,52.972034,5454.0
-2.940544,52.971947,5455.0
-2.940324,52.97187,5456.0
-2.940088,52.971802,5457.0
-2.939848,52.971733,5458.0
-2.939612,52.971672,5459.0
-2.939379,52.971622,5460.0
-2.939164,52.971581,5461.0
-2.938974,52.971558,5462.0
-2.938798,52.971539,5463.0
-2.938639,52.971527,5464.0
-2.93847,52.971519,5465.0
-2.938307,52.971523,5466.0
-2.938143,52.971535,5467.0
-2.937982,52.97155,5468.0
-2.937821,52.971565,5469.0
-2.937661,52.971577,5470.0
-2.937509,52.971577,5471.0
-2.937352,52.971577,5472.0
-2.937191,52.971573,5473.0
-2.937032,52.971569,5474.0
-2.936871,52.971558,5475.0
-2.936711,52.971546,5476.0
-2.936549,52.971535,5477.0
-2.936384,52.971519,5478.0
-2.936216,52.971504,5479.0
-2.936047,52.971493,5480.0
-2.935881,52.971481,5481.0
-2.93572,52.97147,5482.0
-2.935563,52.971458,5483.0
-2.935411,52.971447,5484.0
-2.935269,52.971439,5485.0
-2.935137,52.971428,5486.0
-2.935018,52.971413,5487.0
-2.934915,52.971393,5488.0
-2.934827,52.971367,5489.0
-2.93477,52.971325,5490.0
-2.934739,52.971275,5491.0
-2.934743,52.97121,5492.0
-2.934774,52.971138,5493.0
-2.934814,52.971058,5494.0
-2.934852,52.970978,5495.0
-2.93489,52.970898,5496.0
-2.934925,52.970814,5497.0
-2.934956,52.970726,5498.0
-2.934992,52.970638,5499.0
-2.935025,52.970551,5500.0
-2.935061,52.970467,5501.0
-2.935092,52.970375,5502.0
-2.93512,52.970287,5503.0
-2.935149,52.970199,5504.0
-2.93518,52.970108,5505.0
-2.935213,52.97002,5506.0
-2.935242,52.969932,5507.0
-2.935263,52.969849,5508.0
-2.935287,52.969761,5509.0
-2.935313,52.969677,5510.0
-2.935338,52.969593,5511.0
-2.935357,52.969517,5512.0
-2.935364,52.969452,5513.0
-2.935342,52.969398,5514.0
-2.935291,52.969353,5515.0
-2.935219,52.969318,5516.0
-2.935127,52.969296,5517.0
-2.935012,52.96928,5518.0
-2.934891,52.969265,5519.0
-2.934766,52.969254,5520.0
-2.934633,52.969246,5521.0
-2.934495,52.969242,5522.0
-2.934353,52.969242,5523.0
-2.934213,52.969242,5524.0
-2.934074,52.969242,5525.0
-2.933936,52.969238,5526.0
-2.933789,52.969234,5527.0
-2.933635,52.969227,5528.0
-2.933475,52.969212,5529.0
-2.933313,52.969196,5530.0
-2.933151,52.969181,5531.0
-2.932989,52.969162,5532.0
-2.932827,52.969143,5533.0
-2.932666,52.969124,5534.0
-2.932506,52.969101,5535.0
-2.932347,52.969078,5536.0
-2.932186,52.969055,5537.0
-2.932024,52.969032,5538.0
-2.931859,52.969006,5539.0
-2.931693,52.968979,5540.0
-2.931525,52.968952,5541.0
-2.931349,52.968929,5542.0
-2.93117,52.96891,5543.0
-2.930987,52.968891,5544.0
-2.930801,52.968876,5545.0
-2.930617,52.968864,5546.0
-2.93043,52.968853,5547.0
-2.930246,52.968838,5548.0
-2.930058,52.968826,5549.0
-2.929868,52.968815,5550.0
-2.929677,52.968803,5551.0
-2.929484,52.968792,5552.0
-2.929286,52.968784,5553.0
-2.92908,52.968773,5554.0
-2.928869,52.968754,5555.0
-2.928649,52.968719,5556.0
-2.928433,52.968666,5557.0
-2.928213,52.968601,5558.0
-2.927993,52.968525,5559.0
-2.927788,52.968449,5560.0
-2.927592,52.968361,5561.0
-2.927398,52.968269,5562.0
-2.927215,52.96817,5563.0
-2.927031,52.968075,5564.0
-2.926839,52.967987,5565.0
-2.926633,52.967907,5566.0
-2.926404,52.967842,5567.0
-2.926337,52.967823,5568.0
-2.926047,52.967777,5569.0
-2.925762,52.967739,5570.0
-2.925468,52.967709,5571.0
-2.925179,52.967686,5572.0
-2.924903,52.967644,5573.0
-2.924657,52.967602,5574.0
-2.924425,52.967545,5575.0
-2.924197,52.967484,5576.0
-2.924006,52.967407,5577.0
-2.923842,52.967319,5578.0
-2.923706,52.967205,5579.0
-2.923595,52.967083,5580.0
-2.92349,52.966949,5581.0
-2.923377,52.966812,5582.0
-2.923263,52.966679,5583.0
-2.923157,52.966553,5584.0
-2.923047,52.966431,5585.0
-2.922926,52.96632,5586.0
-2.922783,52.966217,5587.0
-2.92262,52.966144,5588.0
-2.922434,52.966095,5589.0
-2.92225,52.966057,5590.0
-2.922075,52.966022,5591.0
-2.921925,52.965973,5592.0
-2.921796,52.965912,5593.0
-2.921699,52.96582,5594.0
-2.921629,52.965713,5595.0
-2.921561,52.965595,5596.0
-2.921498,52.965481,5597.0
-2.921422,52.965378,5598.0
-2.921317,52.96529,5599.0
-2.921186,52.965218,5600.0
-2.921033,52.96516,5601.0
-2.920866,52.965111,5602.0
-2.920695,52.965054,5603.0
-2.920543,52.964981,5604.0
-2.920401,52.964897,5605.0
-2.920363,52.964882,5606.0
-2.920216,52.964775,5607.0
-2.920098,52.964657,5608.0
-2.919996,52.964558,5609.0
-2.919881,52.964462,5610.0
-2.919752,52.964378,5611.0
-2.919593,52.964298,5612.0
-2.919415,52.964233,5613.0
-2.919207,52.96418,5614.0
-2.918983,52.964123,5615.0
-2.918746,52.964069,5616.0
-2.918504,52.964012,5617.0
-2.918269,52.963951,5618.0
-2.918044,52.963886,5619.0
-2.91781,52.963821,5620.0
-2.917595,52.963749,5621.0
-2.917391,52.963661,5622.0
-2.917194,52.963566,5623.0
-2.917006,52.963455,5624.0
-2.916824,52.963337,5625.0
-2.916652,52.963215,5626.0
-2.916487,52.963097,5627.0
-2.916326,52.962975,5628.0
-2.916162,52.962856,5629.0
-2.91599,52.962738,5630.0
-2.915807,52.96262,5631.0
-2.915626,52.962505,5632.0
-2.915433,52.962395,5633.0
-2.915227,52.962299,5634.0
-2.915011,52.962204,5635.0
-2.914784,52.962109,5636.0
-2.914558,52.962013,5637.0
-2.914327,52.961922,5638.0
-2.914091,52.961826,5639.0
-2.913859,52.961735,5640.0
-2.91363,52.961651,5641.0
-2.913403,52.961563,5642.0
-2.913168,52.961479,5643.0
-2.912939,52.961399,5644.0
-2.912705,52.961319,5645.0
-2.912477,52.961239,5646.0
-2.91225,52.961163,5647.0
-2.912032,52.96109,5648.0
-2.911839,52.961025,5649.0
-2.91166,52.960964,5650.0
-2.911482,52.960899,5651.0
-2.9113,52.960838,5652.0
-2.911106,52.960773,5653.0
-2.910902,52.960701,5654.0
-2.910692,52.960625,5655.0
-2.910465,52.960544,5656.0
-2.910229,52.960461,5657.0
-2.909988,52.960373,5658.0
-2.90973,52.960285,5659.0
-2.909465,52.96019,5660.0
-2.909191,52.960098,5661.0
-2.908911,52.960007,5662.0
-2.908623,52.959911,5663.0
-2.908324,52.959816,5664.0
-2.90801,52.959724,5665.0
-2.907694,52.959629,5666.0
-2.90738,52.959534,5667.0
-2.907069,52.959442,5668.0
-2.906757,52.95935,5669.0
-2.906447,52.959259,5670.0
-2.906143,52.959167,5671.0
-2.905839,52.959076,5672.0
-2.90553,52.958984,5673.0
-2.905233,52.958889,5674.0
-2.904927,52.95879,5675.0
-2.904622,52.958698,5676.0
-2.904322,52.958599,5677.0
-2.904024,52.958504,5678.0
-2.903717,52.958405,5679.0
-2.903409,52.958305,5680.0
-2.903098,52.95821,5681.0
-2.902789,52.958107,5682.0
-2.902474,52.958008,5683.0
-2.902159,52.957909,5684.0
-2.901844,52.957806,5685.0
-2.90153,52.957706,5686.0
-2.901215,52.957603,5687.0
-2.9009,52.957504,5688.0
-2.90059,52.957401,5689.0
-2.90028,52.957302,5690.0
-2.899974,52.957203,5691.0
-2.899672,52.957104,5692.0
-2.899378,52.957008,5693.0
-2.899086,52.956921,5694.0
-2.898805,52.956829,5695.0
-2.898532,52.956734,5696.0
-2.898269,52.956646,5697.0
-2.898008,52.956566,5698.0
-2.897754,52.956493,5699.0
-2.897486,52.956436,5700.0
-2.897209,52.956387,5701.0
-2.896921,52.956348,5702.0
-2.896623,52.95631,5703.0
-2.896317,52.956272,5704.0
-2.896007,52.956234,5705.0
-2.895689,52.956192,5706.0
-2.895383,52.95615,5707.0
-2.89508,52.956104,5708.0
-2.894789,52.956051,5709.0
-2.894508,52.955986,5710.0
-2.894249,52.955914,5711.0
-2.894013,52.955845,5712.0
-2.893789,52.955791,5713.0
-2.893575,52.95575,5714.0
-2.89336,52.95573,5715.0
-2.893136,52.955727,5716.0
-2.89292,52.955742,5717.0
-2.892712,52.955768,5718.0
-2.892657,52.955757,5719.0
-2.892437,52.955833,5720.0
-2.892214,52.955914,5721.0
-2.892004,52.955982,5722.0
-2.891812,52.956055,5723.0
-2.891641,52.956123,5724.0
-2.891478,52.956165,5725.0
-2.891328,52.956188,5726.0
-2.891167,52.956181,5727.0
-2.891032,52.956142,5728.0
-2.890892,52.95607,5729.0
-2.890755,52.955986,5730.0
-2.890612,52.955902,5731.0
-2.890465,52.955822,5732.0
-2.890332,52.95575,5733.0
-2.890209,52.955692,5734.0
-2.890095,52.955654,5735.0
-2.889987,52.955635,5736.0
-2.88986,52.955639,5737.0
-2.889729,52.955662,5738.0
-2.8896,52.955719,5739.0
-2.889458,52.95578,5740.0
-2.889313,52.955841,5741.0
-2.889164,52.955894,5742.0
-2.889007,52.955936,5743.0
-2.888825,52.955952,5744.0
-2.888652,52.95594,5745.0
-2.888469,52.95591,5746.0
-2.888278,52.955864,5747.0
-2.88807,52.955818,5748.0
-2.887867,52.955772,5749.0
-2.887665,52.95573,5750.0
-2.887455,52.9557,5751.0
-2.887238,52.955677,5752.0
-2.887015,52.955669,5753.0
-2.886795,52.955677,5754.0
-2.886583,52.955685,5755.0
-2.886381,52.955681,5756.0
-2.886182,52.95565,5757.0
-2.8861,52.955635,5758.0
-2.885901,52.955566,5759.0
-2.885693,52.955494,5760.0
-2.885491,52.95541,5761.0
-2.885281,52.955337,5762.0
-2.885071,52.955257,5763.0
-2.88486,52.95517,5764.0
-2.884654,52.955086,5765.0
-2.884447,52.955002,5766.0
-2.884246,52.954914,5767.0
-2.884057,52.954822,5768.0
-2.883875,52.954723,5769.0
-2.883698,52.954628,5770.0
-2.883505,52.954548,5771.0
-2.883284,52.954479,5772.0
-2.883055,52.954437,5773.0
-2.882984,52.954426,5774.0
-2.882715,52.954414,5775.0
-2.882457,52.954407,5776.0
-2.88221,52.954411,5777.0
-2.881944,52.954433,5778.0
-2.881653,52.954471,5779.0
-2.88134,52.954529,5780.0
-2.881046,52.954552,5781.0
-2.880736,52.954582,5782.0
-2.880434,52.954605,5783.0
-2.880118,52.954639,5784.0
-2.879806,52.954674,5785.0
-2.879499,52.954708,5786.0
-2.879201,52.954754,5787.0
-2.878903,52.954803,5788.0
-2.878613,52.954864,5789.0
-2.878336,52.954914,5790.0
-2.878081,52.954967,5791.0
-2.877838,52.955009,5792.0
-2.877615,52.955048,5793.0
-2.877393,52.955067,5794.0
-2.877184,52.955067,5795.0
-2.876983,52.955048,5796.0
-2.876788,52.955006,5797.0
-2.876599,52.954945,5798.0
-2.876422,52.954864,5799.0
-2.876246,52.954777,5800.0
-2.876085,52.954681,5801.0
-2.875926,52.954586,5802.0
-2.875772,52.954494,5803.0
-2.875619,52.954407,5804.0
-2.875469,52.954319,5805.0
-2.875318,52.954239,5806.0
-2.875166,52.954166,5807.0
-2.875003,52.954098,5808.0
-2.87485,52.954037,5809.0
-2.874692,52.953976,5810.0
-2.87464,52.953953,5811.0
-2.874402,52.953903,5812.0
-2.874242,52.953831,5813.0
-2.874068,52.953762,5814.0
-2.873902,52.953705,5815.0
-2.873738,52.953651,5816.0
-2.873574,52.953613,5817.0
-2.873395,52.953583,5818.0
-2.873214,52.953567,5819.0
-2.873019,52.953552,5820.0
-2.872837,52.953548,5821.0
-2.87266,52.953552,5822.0
-2.872482,52.953564,5823.0
-2.872307,52.953579,5824.0
-2.872128,52.953594,5825.0
-2.871946,52.953609,5826.0
-2.871763,52.953621,5827.0
-2.871585,52.953629,5828.0
-2.871403,52.953629,5829.0
-2.871226,52.953629,5830.0
-2.871044,52.953632,5831.0
-2.870868,52.953629,5832.0
-2.870696,52.953621,5833.0
-2.870529,52.953617,5834.0
-2.870353,52.953606,5835.0
-2.870181,52.953594,5836.0
-2.870014,52.953583,5837.0
-2.869847,52.953567,5838.0
-2.869681,52.953552,5839.0
-2.869526,52.953525,5840.0
-2.869367,52.953499,5841.0
-2.869209,52.953472,5842.0
-2.869042,52.953449,5843.0
-2.868885,52.953423,5844.0
-2.868734,52.953388,5845.0
-2.868597,52.95335,5846.0
-2.868462,52.9533,5847.0
-2.868392,52.953285,5848.0
-2.868214,52.953224,5849.0
-2.868078,52.953152,5850.0
-2.867954,52.953075,5851.0
-2.867841,52.953007,5852.0
-2.867724,52.95293,5853.0
-2.867613,52.952858,5854.0
-2.867505,52.952793,5855.0
-2.86739,52.952728,5856.0
-2.867285,52.952667,5857.0
-2.867177,52.952602,5858.0
-2.867071,52.952534,5859.0
-2.866967,52.952473,5860.0
-2.866866,52.952412,5861.0
-2.866778,52.952358,5862.0
-2.866693,52.952305,5863.0
-2.866612,52.952255,5864.0
-2.866523,52.952206,5865.0
-2.86643,52.952145,5866.0
-2.866333,52.952087,5867.0
-2.866232,52.95203,5868.0
-2.86613,52.951973,5869.0
-2.866036,52.95192,5870.0
-2.865953,52.951874,5871.0
-2.865881,52.951828,5872.0
-2.86581,52.95179,5873.0
-2.86573,52.951744,5874.0
-2.865647,52.951694,5875.0
-2.865559,52.951649,5876.0
-2.865461,52.951595,5877.0
-2.865358,52.951538,5878.0
-2.865247,52.951473,5879.0
-2.865128,52.951408,5880.0
-2.865003,52.95134,5881.0
-2.864864,52.951271,5882.0
-2.864717,52.951198,5883.0
-2.864562,52.951118,5884.0
-2.864389,52.951038,5885.0
-2.864211,52.950951,5886.0
-2.864024,52.950859,5887.0
-2.863831,52.950764,5888.0
-2.863633,52.950668,5889.0
-2.863431,52.950573,5890.0
-2.863237,52.950478,5891.0
-2.863049,52.950386,5892.0
-2.862865,52.950294,5893.0
-2.862678,52.950207,5894.0
-2.862499,52.950119,5895.0
-2.862319,52.950031,5896.0
-2.862138,52.949947,5897.0
-2.861939,52.949883,5898.0
-2.861725,52.949837,5899.0
-2.8615,52.94981,5900.0
-2.861018,52.949814,5901.0
-2.861018,52.949814,5902.0
-2.860764,52.949814,5903.0
-2.860499,52.949814,5904.0
-2.860222,52.94981,5905.0
-2.859944,52.949802,5906.0
-2.859664,52.949791,5907.0
-2.85938,52.949776,5908.0
-2.859095,52.94976,5909.0
-2.858812,52.949749,5910.0
-2.858536,52.949737,5911.0
-2.858262,52.949726,5912.0
-2.857985,52.949718,5913.0
-2.857703,52.949715,5914.0
-2.857417,52.949707,5915.0
-2.857129,52.949703,5916.0
-2.856836,52.949703,5917.0
-2.856535,52.949703,5918.0
-2.856239,52.949711,5919.0
-2.855945,52.949722,5920.0
-2.855654,52.949737,5921.0
-2.855361,52.949745,5922.0
-2.855069,52.949753,5923.0
-2.854781,52.949764,5924.0
-2.854504,52.949776,5925.0
-2.854236,52.949802,5926.0
-2.853971,52.949841,5927.0
-2.853705,52.949898,5928.0
-2.853434,52.949963,5929.0
-2.853162,52.950043,5930.0
-2.85289,52.95013,5931.0
-2.852615,52.950222,5932.0
-2.852335,52.950321,5933.0
-2.852053,52.95042,5934.0
-2.851775,52.950516,5935.0
-2.851497,52.950615,5936.0
-2.851214,52.95071,5937.0
-2.850927,52.950806,5938.0
-2.850632,52.950897,5939.0
-2.850331,52.950981,5940.0
-2.849998,52.951054,5941.0
-2.849689,52.951126,5942.0
-2.849366,52.951187,5943.0
-2.849037,52.951237,5944.0
-2.848703,52.951282,5945.0
-2.848371,52.951324,5946.0
-2.848027,52.951366,5947.0
-2.847693,52.951397,5948.0
-2.847358,52.95142,5949.0
-2.847027,52.951439,5950.0
-2.846705,52.951462,5951.0
-2.846392,52.951488,5952.0
-2.846085,52.951515,5953.0
-2.845788,52.951538,5954.0
-2.845495,52.951553,5955.0
-2.8452,52.951549,5956.0
-2.844884,52.951538,5957.0
-2.844602,52.951511,5958.0
-2.844318,52.951492,5959.0
-2.844032,52.951488,5960.0
-2.843744,52.951504,5961.0
-2.843457,52.951538,5962.0
-2.84317,52.951588,5963.0
-2.84288,52.951649,5964.0
-2.842591,52.951729,5965.0
-2.842305,52.951813,5966.0
-2.842007,52.951897,5967.0
-2.841701,52.95198,5968.0
-2.841384,52.952057,5969.0
-2.841065,52.952137,5970.0
-2.840744,52.952213,5971.0
-2.840435,52.952289,5972.0
-2.84014,52.952366,5973.0
-2.839881,52.952446,5974.0
-2.839623,52.952515,5975.0
-2.83937,52.952549,5976.0
-2.839133,52.952572,5977.0
-2.838874,52.952576,5978.0
-2.838625,52.952557,5979.0
-2.838372,52.95253,5980.0
-2.838114,52.952511,5981.0
-2.837845,52.952499,5982.0
-2.837567,52.952503,5983.0
-2.837281,52.952511,5984.0
-2.83699,52.952526,5985.0
-2.836699,52.952545,5986.0
-2.836398,52.95256,5987.0
-2.836087,52.952572,5988.0
-2.835771,52.952579,5989.0
-2.835449,52.952576,5990.0
-2.835318,52.952629,5991.0
-2.834978,52.952591,5992.0
-2.834614,52.952541,5993.0
-2.834247,52.952484,5994.0
-2.833875,52.952408,5995.0
-2.833514,52.952312,5996.0
-2.833175,52.952206,5997.0
-2.832848,52.952087,5998.0
-2.832559,52.951965,5999.0
-2.832283,52.951847,6000.0
-2.832026,52.951733,6001.0
-2.831768,52.95163,6002.0
-2.831501,52.951542,6003.0
-2.831242,52.951454,6004.0
-2.830994,52.951351,6005.0
-2.83077,52.951244,6006.0
-2.830554,52.951118,6007.0
-2.83036,52.950985,6008.0
-2.830176,52.950855,6009.0
-2.830008,52.950714,6010.0
-2.829834,52.950565,6011.0
-2.829664,52.950424,6012.0
-2.829495,52.950294,6013.0
-2.829319,52.950172,6014.0
-2.829122,52.950058,6015.0
-2.828895,52.949955,6016.0
-2.828649,52.94986,6017.0
-2.828402,52.949768,6018.0
-2.828145,52.94968,6019.0
-2.827882,52.949608,6020.0
-2.827623,52.949531,6021.0
-2.827369,52.949455,6022.0
-2.827103,52.949379,6023.0
-2.826831,52.949314,6024.0
-2.82655,52.949242,6025.0
-2.826264,52.949177,6026.0
-2.825979,52.949108,6027.0
-2.825689,52.949055,6028.0
-2.82541,52.949001,6029.0
-2.825135,52.948963,6030.0
-2.824865,52.948936,6031.0
-2.824591,52.948921,6032.0
-2.824317,52.948952,6033.0
-2.824034,52.948971,6034.0
-2.823756,52.949009,6035.0
-2.823476,52.949058,6036.0
-2.823201,52.949108,6037.0
-2.82293,52.949165,6038.0
-2.822659,52.94923,6039.0
-2.822409,52.949291,6040.0
-2.822166,52.94936,6041.0
-2.82194,52.949429,6042.0
-2.821735,52.949493,6043.0
-2.821569,52.949558,6044.0
-2.821421,52.949619,6045.0
-2.821299,52.94968,6046.0
-2.821194,52.94973,6047.0
-2.821103,52.949776,6048.0
-2.821014,52.949806,6049.0
-2.82093,52.949821,6050.0
-2.820853,52.949798,6051.0
-2.820776,52.94976,6052.0
-2.820709,52.949726,6053.0
-2.820616,52.949703,6054.0
-2.820508,52.949699,6055.0
-2.820399,52.949718,6056.0
-2.820283,52.949749,6057.0
-2.820162,52.949783,6058.0
-2.820029,52.949821,6059.0
-2.819892,52.949856,6060.0
-2.819749,52.949898,6061.0
-2.819601,52.94994,6062.0
-2.81945,52.949978,6063.0
-2.819301,52.95002,6064.0
-2.819152,52.950062,6065.0
-2.819002,52.950108,6066.0
-2.81885,52.95015,6067.0
-2.8187,52.950195,6068.0
-2.818549,52.950237,6069.0
-2.818397,52.950287,6070.0
-2.81824,52.950344,6071.0
-2.818086,52.950401,6072.0
-2.817934,52.950466,6073.0
-2.817781,52.950531,6074.0
-2.81763,52.9506,6075.0
-2.817483,52.950676,6076.0
-2.817341,52.950752,6077.0
-2.817201,52.950836,6078.0
-2.817073,52.95092,6079.0
-2.816956,52.951008,6080.0
-2.816848,52.951099,6081.0
-2.816736,52.951187,6082.0
-2.816625,52.951279,6083.0
-2.816512,52.951355,6084.0
-2.816392,52.951431,6085.0
-2.816265,52.951496,6086.0
-2.816126,52.951553,6087.0
-2.815978,52.951599,6088.0
-2.815833,52.951637,6089.0
-2.815682,52.951672,6090.0
-2.815532,52.951698,6091.0
-2.815379,52.951721,6092.0
-2.815219,52.951729,6093.0
-2.81507,52.951733,6094.0
-2.814916,52.951721,6095.0
-2.814762,52.951694,6096.0
-2.814609,52.951656,6097.0
-2.814466,52.951618,6098.0
-2.814312,52.951572,6099.0
-2.814155,52.95153,6100.0
-2.814,52.951485,6101.0
-2.813846,52.951447,6102.0
-2.81371,52.951408,6103.0
-2.813571,52.951366,6104.0
-2.813446,52.951332,6105.0
-2.813337,52.951301,6106.0
-2.813246,52.951271,6107.0
-2.813171,52.951248,6108.0
-2.813097,52.951225,6109.0
-2.813018,52.951198,6110.0
-2.812935,52.951157,6111.0
-2.812861,52.951115,6112.0
-2.812789,52.951073,6113.0
-2.812723,52.951031,6114.0
-2.812652,52.950985,6115.0
-2.812582,52.950935,6116.0
-2.81251,52.95089,6117.0
-2.812418,52.950848,6118.0
-2.81231,52.950813,6119.0
-2.812187,52.950783,6120.0
-2.812058,52.950767,6121.0
-2.811917,52.95076,6122.0
-2.811768,52.95076,6123.0
-2.811619,52.950767,6124.0
-2.811602,52.950767,6125.0
-2.811562,52.950756,6126.0
-2.811398,52.950764,6127.0
-2.811227,52.950733,6128.0
-2.811049,52.950695,6129.0
-2.810908,52.950638,6130.0
-2.810752,52.950573,6131.0
-2.810626,52.950504,6132.0
-2.810524,52.950424,6133.0
-2.810401,52.950336,6134.0
-2.810351,52.950237,6135.0
-2.810245,52.95013,6136.0
-2.810165,52.950012,6137.0
-2.810058,52.949902,6138.0
-2.809939,52.949787,6139.0
-2.809815,52.949677,6140.0
-2.809709,52.94957,6141.0
-2.809596,52.949463,6142.0
-2.809499,52.949375,6143.0
-2.809393,52.949272,6144.0
-2.809311,52.949158,6145.0
-2.809232,52.949036,6146.0
-2.809186,52.948898,6147.0
-2.809142,52.948772,6148.0
-2.809106,52.948635,6149.0
-2.809063,52.948494,6150.0
-2.809021,52.948349,6151.0
-2.808979,52.948204,6152.0
-2.808944,52.948067,6153.0
-2.808916,52.947929,6154.0
-2.808889,52.947811,6155.0
-2.808861,52.947693,6156.0
-2.808833,52.94759,6157.0
-2.808794,52.947494,6158.0
-2.808762,52.947395,6159.0
-2.808731,52.947296,6160.0
-2.808703,52.947204,6161.0
-2.808676,52.947124,6162.0
-2.808651,52.94706,6163.0
-2.808635,52.947006,6164.0
-2.808624,52.946968,6165.0
-2.808598,52.946937,6166.0
-2.808549,52.946907,6167.0
-2.808486,52.946888,6168.0
-2.808407,52.946869,6169.0
-2.808314,52.946865,6170.0
-2.808208,52.946877,6171.0
-2.808092,52.946892,6172.0
-2.807969,52.946915,6173.0
-2.807841,52.946934,6174.0
-2.807716,52.946957,6175.0
-2.807593,52.946979,6176.0
-2.807477,52.947006,6177.0
-2.807375,52.947037,6178.0
-2.807282,52.947067,6179.0
-2.807209,52.947083,6180.0
-2.80715,52.947098,6181.0
-2.80711,52.947102,6182.0
-2.807089,52.947105,6183.0
-2.807081,52.947109,6184.0
-2.80708,52.947109,6185.0
-2.807078,52.947109,6186.0
-2.807079,52.947113,6187.0
-2.807062,52.947113,6188.0
-2.807031,52.947105,6189.0
-2.806986,52.94709,6190.0
-2.80693,52.947067,6191.0
-2.806859,52.94704,6192.0
-2.806785,52.947014,6193.0
-2.8067,52.946979,6194.0
-2.806616,52.946937,6195.0
-2.80653,52.946899,6196.0
-2.806441,52.946854,6197.0
-2.806349,52.946808,6198.0
-2.806253,52.946762,6199.0
-2.806157,52.94672,6200.0
-2.806064,52.946682,6201.0
-2.805967,52.946644,6202.0
-2.805859,52.946613,6203.0
-2.80574,52.946587,6204.0
-2.805608,52.946571,6205.0
-2.805468,52.946552,6206.0
-2.805324,52.946533,6207.0
-2.805182,52.946518,6208.0
-2.805048,52.946499,6209.0
-2.804925,52.946484,6210.0
-2.804819,52.946468,6211.0
-2.804727,52.946461,6212.0
-2.804644,52.946449,6213.0
-2.804564,52.946438,6214.0
-2.80449,52.94643,6215.0
-2.804431,52.946422,6216.0
-2.804384,52.946411,6217.0
-2.804351,52.946404,6218.0
-2.80433,52.946381,6219.0
-2.804312,52.94635,6220.0
-2.804311,52.946308,6221.0
-2.804315,52.946255,6222.0
-2.804327,52.946201,6223.0
-2.804341,52.946144,6224.0
-2.804358,52.946083,6225.0
-2.804378,52.946022,6226.0
-2.804402,52.945961,6227.0
-2.804431,52.9459,6228.0
-2.804462,52.945843,6229.0
-2.804486,52.945797,6230.0
-2.804498,52.945759,6231.0
-2.804498,52.945724,6232.0
-2.804488,52.94569,6233.0
-2.804453,52.945663,6234.0
-2.804414,52.945641,6235.0
-2.804357,52.94561,6236.0
-2.804282,52.945576,6237.0
-2.804199,52.945538,6238.0
-2.804109,52.945496,6239.0
-2.804018,52.94545,6240.0
-2.803923,52.945408,6241.0
-2.803823,52.945362,6242.0
-2.803731,52.94532,6243.0
-2.803649,52.945286,6244.0
-2.803569,52.945251,6245.0
-2.803486,52.945217,6246.0
-2.803407,52.945187,6247.0
-2.803329,52.945152,6248.0
-2.80325,52.945118,6249.0
-2.803171,52.94508,6250.0
-2.803088,52.945045,6251.0
-2.803007,52.945011,6252.0
-2.802926,52.944969,6253.0
-2.802844,52.944927,6254.0
-2.802763,52.944878,6255.0
-2.802683,52.944832,6256.0
-2.802614,52.944786,6257.0
-2.802542,52.944736,6258.0
-2.802476,52.944691,6259.0
-2.802414,52.944641,6260.0
-2.802343,52.944588,6261.0
-2.80227,52.94453,6262.0
-2.802189,52.944477,6263.0
-2.802114,52.944424,6264.0
-2.802038,52.944378,6265.0
-2.801962,52.944324,6266.0
-2.801885,52.944275,6267.0
-2.801814,52.944221,6268.0
-2.801737,52.944172,6269.0
-2.801663,52.944126,6270.0
-2.801599,52.944084,6271.0
-2.801546,52.944046,6272.0
-2.801506,52.944,6273.0
-2.801465,52.943951,6274.0
-2.801436,52.943897,6275.0
-2.801413,52.94384,6276.0
-2.801395,52.943779,6277.0
-2.80138,52.943718,6278.0
-2.80136,52.943657,6279.0
-2.801337,52.943596,6280.0
-2.801311,52.943531,6281.0
-2.801288,52.94347,6282.0
-2.801264,52.943413,6283.0
-2.801233,52.943356,6284.0
-2.801197,52.943306,6285.0
-2.80115,52.943256,6286.0
-2.801091,52.943214,6287.0
-2.801023,52.943176,6288.0
-2.800954,52.943142,6289.0
-2.8009,52.943111,6290.0
-2.800856,52.943077,6291.0
-2.800828,52.943035,6292.0
-2.80082,52.942993,6293.0
-2.800842,52.942932,6294.0
-2.800865,52.942879,6295.0
-2.800886,52.942822,6296.0
-2.800914,52.94276,6297.0
-2.800935,52.942703,6298.0
-2.800953,52.942646,6299.0
-2.800961,52.942593,6300.0
-2.800974,52.942543,6301.0
-2.800964,52.942497,6302.0
-2.80094,52.942448,6303.0
-2.800901,52.942394,6304.0
-2.800846,52.942341,6305.0
-2.800779,52.942287,6306.0
-2.800713,52.942234,6307.0
-2.800648,52.942173,6308.0
-2.800598,52.942112,6309.0
-2.800547,52.942047,6310.0
-2.800494,52.941982,6311.0
-2.800442,52.941925,6312.0
-2.800393,52.941864,6313.0
-2.800348,52.941799,6314.0
-2.800305,52.941738,6315.0
-2.800266,52.941688,6316.0
-2.800234,52.941624,6317.0
-2.8002,52.941559,6318.0
-2.800172,52.941502,6319.0
-2.800131,52.94144,6320.0
-2.80009,52.941376,6321.0
-2.80004,52.941311,6322.0
-2.79999,52.941242,6323.0
-2.799923,52.941173,6324.0
-2.799853,52.941109,6325.0
-2.799775,52.941044,6326.0
-2.799688,52.940979,6327.0
-2.799598,52.940922,6328.0
-2.799511,52.940876,6329.0
-2.79944,52.940842,6330.0
-2.799377,52.940811,6331.0
-2.799328,52.940788,6332.0
-2.799297,52.940758,6333.0
-2.799278,52.940731,6334.0
-2.799273,52.940697,6335.0
-2.79929,52.940662,6336.0
-2.799313,52.940624,6337.0
-2.799343,52.94059,6338.0
-2.799377,52.940552,6339.0
-2.799408,52.940517,6340.0
-2.799423,52.940487,6341.0
-2.799443,52.940449,6342.0
-2.799449,52.940411,6343.0
-2.799456,52.940369,6344.0
-2.799473,52.940323,6345.0
-2.79949,52.940277,6346.0
-2.799514,52.940224,6347.0
-2.799539,52.940166,6348.0
-2.79955,52.940109,6349.0
-2.799557,52.940056,6350.0
-2.799561,52.940006,6351.0
-2.799571,52.939953,6352.0
-2.799577,52.939899,6353.0
-2.799577,52.939842,6354.0
-2.799582,52.939774,6355.0
-2.799583,52.939709,6356.0
-2.799577,52.939644,6357.0
-2.799547,52.939575,6358.0
-2.799532,52.939514,6359.0
-2.799516,52.939457,6360.0
-2.7995,52.939407,6361.0
-2.799489,52.939373,6362.0
-2.79946,52.939342,6363.0
-2.799419,52.93932,6364.0
-2.79937,52.939293,6365.0
-2.799309,52.93927,6366.0
-2.799242,52.939251,6367.0
-2.799162,52.939239,6368.0
-2.799075,52.939217,6369.0
-2.798974,52.939197,6370.0
-2.798869,52.939178,6371.0
-2.798759,52.939159,6372.0
-2.798647,52.939144,6373.0
-2.79853,52.939121,6374.0
-2.798417,52.939095,6375.0
-2.798302,52.939072,6376.0
-2.798189,52.939045,6377.0
-2.798068,52.939014,6378.0
-2.797944,52.938992,6379.0
-2.797824,52.938965,6380.0
-2.797708,52.938946,6381.0
-2.797605,52.938942,6382.0
-2.797498,52.938942,6383.0
-2.797388,52.938949,6384.0
-2.797276,52.938953,6385.0
-2.797168,52.938946,6386.0
-2.79706,52.93893,6387.0
-2.796947,52.938904,6388.0
-2.796825,52.938873,6389.0
-2.796701,52.938839,6390.0
-2.796574,52.938801,6391.0
-2.796441,52.938763,6392.0
-2.796321,52.938721,6393.0
-2.796191,52.938682,6394.0
-2.796064,52.938644,6395.0
-2.795934,52.938606,6396.0
-2.795803,52.938568,6397.0
-2.795671,52.938526,6398.0
-2.795543,52.938484,6399.0
-2.795421,52.938442,6400.0
-2.795303,52.9384,6401.0
-2.795193,52.938362,6402.0
-2.795095,52.938324,6403.0
-2.794993,52.938286,6404.0
-2.794893,52.938244,6405.0
-2.794789,52.938206,6406.0
-2.794685,52.938164,6407.0
-2.794583,52.938126,6408.0
-2.794473,52.938087,6409.0
-2.794363,52.938049,6410.0
-2.794246,52.938019,6411.0
-2.794134,52.937988,6412.0
-2.794017,52.937962,6413.0
-2.793902,52.937935,6414.0
-2.793784,52.937904,6415.0
-2.793674,52.937874,6416.0
-2.793577,52.937836,6417.0
-2.793491,52.937794,6418.0
-2.793414,52.93774,6419.0
-2.793341,52.937683,6420.0
-2.793276,52.937614,6421.0
-2.793225,52.937546,6422.0
-2.793183,52.937477,6423.0
-2.793133,52.937408,6424.0
-2.79308,52.937343,6425.0
-2.793022,52.937279,6426.0
-2.792951,52.937218,6427.0
-2.792874,52.93716,6428.0
-2.79279,52.937107,6429.0
-2.792705,52.937054,6430.0
-2.792613,52.937004,6431.0
-2.792519,52.936958,6432.0
-2.792429,52.936916,6433.0
-2.792341,52.936878,6434.0
-2.792257,52.93684,6435.0
-2.792175,52.93681,6436.0
-2.792098,52.936787,6437.0
-2.792028,52.936771,6438.0
-2.791963,52.93676,6439.0
-2.791935,52.936752,6440.0
-2.791908,52.936752,6441.0
-2.79189,52.936752,6442.0
-2.791872,52.936756,6443.0
-2.791837,52.936764,6444.0
-2.791783,52.936783,6445.0
-2.791733,52.936817,6446.0
-2.791683,52.93687,6447.0
-2.791629,52.936928,6448.0
-2.791569,52.936996,6449.0
-2.791497,52.937073,6450.0
-2.791411,52.937164,6451.0
-2.791316,52.937263,6452.0
-2.791213,52.93737,6453.0
-2.791107,52.937481,6454.0
-2.790996,52.937599,6455.0
-2.790878,52.937721,6456.0
-2.790754,52.937847,6457.0
-2.790621,52.937977,6458.0
-2.790478,52.938107,6459.0
-2.790319,52.938236,6460.0
-2.790151,52.938362,6461.0
-2.789977,52.938484,6462.0
-2.789794,52.938602,6463.0
-2.789595,52.938713,6464.0
-2.789388,52.93882,6465.0
-2.789168,52.938923,6466.0
-2.788938,52.939018,6467.0
-2.788688,52.939098,6468.0
-2.788422,52.939175,6469.0
-2.788151,52.939243,6470.0
-2.787873,52.939312,6471.0
-2.78758,52.939377,6472.0
-2.787287,52.939438,6473.0
-2.786981,52.939499,6474.0
-2.786677,52.939564,6475.0
-2.786368,52.939629,6476.0
-2.786056,52.939697,6477.0
-2.785743,52.93977,6478.0
-2.785427,52.939846,6479.0
-2.78511,52.93993,6480.0
-2.784792,52.94001,6481.0
-2.784476,52.940098,6482.0
-2.78416,52.940185,6483.0
-2.783841,52.940273,6484.0
-2.783517,52.940361,6485.0
-2.783195,52.940449,6486.0
-2.782871,52.940536,6487.0
-2.782549,52.940624,6488.0
-2.782229,52.940712,6489.0
-2.781912,52.940796,6490.0
-2.781596,52.940884,6491.0
-2.781281,52.940967,6492.0
-2.780967,52.941051,6493.0
-2.780654,52.941135,6494.0
-2.780343,52.941223,6495.0
-2.780029,52.941307,6496.0
-2.779716,52.941391,6497.0
-2.779402,52.941479,6498.0
-2.779088,52.941563,6499.0
-2.778772,52.94165,6500.0
-2.778453,52.941738,6501.0
-2.778135,52.941822,6502.0
-2.777815,52.94191,6503.0
-2.777494,52.941997,6504.0
-2.777176,52.942081,6505.0
-2.776855,52.942169,6506.0
-2.776537,52.942261,6507.0
-2.776218,52.942348,6508.0
-2.775899,52.94244,6509.0
-2.775577,52.942528,6510.0
-2.775252,52.942616,6511.0
-2.774941,52.942703,6512.0
-2.774627,52.942787,6513.0
-2.774313,52.942879,6514.0
-2.774008,52.942959,6515.0
-2.773705,52.943039,6516.0
-2.773403,52.943115,6517.0
-2.773108,52.943184,6518.0
-2.772807,52.943252,6519.0
-2.772502,52.943314,6520.0
-2.772197,52.943371,6521.0
-2.771882,52.943424,6522.0
-2.771568,52.943478,6523.0
-2.771252,52.943531,6524.0
-2.770944,52.943584,6525.0
-2.770655,52.943634,6526.0
-2.770381,52.943687,6527.0
-2.77012,52.943752,6528.0
-2.769859,52.943825,6529.0
-2.769602,52.943905,6530.0
-2.769343,52.943977,6531.0
-2.769082,52.944054,6532.0
-2.768814,52.944119,6533.0
-2.768567,52.944199,6534.0
-2.768332,52.944286,6535.0
-2.768114,52.944393,6536.0
-2.767912,52.944515,6537.0
-2.767722,52.944641,6538.0
-2.767547,52.944778,6539.0
-2.767376,52.944916,6540.0
-2.767203,52.945057,6541.0
-2.767032,52.945194,6542.0
-2.766858,52.945328,6543.0
-2.766689,52.945469,6544.0
-2.76653,52.945606,6545.0
-2.76638,52.945751,6546.0
-2.766241,52.945904,6547.0
-2.766117,52.94606,6548.0
-2.766002,52.94622,6549.0
-2.765887,52.946384,6550.0
-2.765774,52.946548,6551.0
-2.76565,52.946709,6552.0
-2.765511,52.946873,6553.0
-2.765357,52.947029,6554.0
-2.765198,52.947189,6555.0
-2.765037,52.94735,6556.0
-2.764883,52.94751,6557.0
-2.764738,52.947674,6558.0
-2.764602,52.947838,6559.0
-2.764471,52.947998,6560.0
-2.764343,52.948158,6561.0
-2.764216,52.948307,6562.0
-2.764096,52.948452,6563.0
-2.763981,52.948586,6564.0
-2.763876,52.948715,6565.0
-2.763777,52.948841,6566.0
-2.76369,52.948959,6567.0
-2.763615,52.949078,6568.0
-2.763538,52.949196,6569.0
-2.763456,52.949314,6570.0
-2.763358,52.949429,6571.0
-2.763253,52.949547,6572.0
-2.763136,52.949657,6573.0
-2.763008,52.94976,6574.0
-2.76288,52.949856,6575.0
-2.762738,52.949947,6576.0
-2.76258,52.95002,6577.0
-2.762396,52.950073,6578.0
-2.762204,52.9501,6579.0
-2.761996,52.950108,6580.0
-2.761786,52.950108,6581.0
-2.761569,52.950108,6582.0
-2.761349,52.950096,6583.0
-2.761123,52.950077,6584.0
-2.760891,52.950054,6585.0
-2.760794,52.950046,6586.0
-2.760552,52.95002,6587.0
-2.760302,52.949978,6588.0
-2.76002,52.949951,6589.0
-2.759746,52.949917,6590.0
-2.759474,52.949886,6591.0
-2.759192,52.949852,6592.0
-2.758928,52.949814,6593.0
-2.75867,52.949776,6594.0
-2.75841,52.949737,6595.0
-2.758151,52.949699,6596.0
-2.757897,52.949657,6597.0
-2.757643,52.949615,6598.0
-2.757385,52.949589,6599.0
-2.757133,52.94957,6600.0
-2.756845,52.949589,6601.0
-2.756606,52.949619,6602.0
-2.75637,52.949665,6603.0
-2.756132,52.949722,6604.0
-2.755888,52.949776,6605.0
-2.755635,52.949833,6606.0
-2.755377,52.949894,6607.0
-2.755115,52.949951,6608.0
-2.754846,52.95002,6609.0
-2.754581,52.950096,6610.0
-2.754323,52.95018,6611.0
-2.754063,52.950272,6612.0
-2.753814,52.950367,6613.0
-2.753562,52.950462,6614.0
-2.753312,52.950561,6615.0
-2.753058,52.950661,6616.0
-2.752799,52.950752,6617.0
-2.752537,52.95084,6618.0
-2.752269,52.950924,6619.0
-2.751992,52.951008,6620.0
-2.751712,52.951088,6621.0
-2.751431,52.951164,6622.0
-2.751143,52.951225,6623.0
-2.750857,52.951282,6624.0
-2.75057,52.951328,6625.0
-2.750293,52.951382,6626.0
-2.750011,52.951431,6627.0
-2.749732,52.951485,6628.0
-2.749455,52.951538,6629.0
-2.749177,52.951591,6630.0
-2.748908,52.951656,6631.0
-2.748631,52.951725,6632.0
-2.748361,52.951801,6633.0
-2.748081,52.951878,6634.0
-2.747813,52.951969,6635.0
-2.747553,52.952076,6636.0
-2.747297,52.952187,6637.0
-2.747046,52.952309,6638.0
-2.746812,52.952442,6639.0
-2.746568,52.952572,6640.0
-2.746324,52.952717,6641.0
-2.746082,52.952858,6642.0
-2.745839,52.952999,6643.0
-2.745596,52.95314,6644.0
-2.745354,52.953281,6645.0
-2.745117,52.953423,6646.0
-2.744882,52.953564,6647.0
-2.744649,52.953701,6648.0
-2.744415,52.953838,6649.0
-2.744181,52.953972,6650.0
-2.743951,52.954105,6651.0
-2.743724,52.954235,6652.0
-2.743505,52.954365,6653.0
-2.743289,52.954487,6654.0
-2.743078,52.954609,6655.0
-2.742876,52.954727,6656.0
-2.742691,52.954838,6657.0
-2.742517,52.954941,6658.0
-2.742361,52.955036,6659.0
-2.742219,52.955116,6660.0
-2.742093,52.955189,6661.0
-2.74198,52.955254,6662.0
-2.741884,52.955315,6663.0
-2.741801,52.955364,6664.0
-2.741737,52.955402,6665.0
-2.741681,52.955425,6666.0
-2.74161,52.955421,6667.0
-2.741555,52.955391,6668.0
-2.741504,52.955353,6669.0
-2.741451,52.955292,6670.0
-2.741392,52.955223,6671.0
-2.74133,52.955147,6672.0
-2.741268,52.955063,6673.0
-2.741205,52.954971,6674.0
-2.741138,52.954872,6675.0
-2.741064,52.954777,6676.0
-2.740985,52.954662,6677.0
-2.740901,52.954552,6678.0
-2.740819,52.954441,6679.0
-2.740731,52.954327,6680.0
-2.740649,52.954212,6681.0
-2.740566,52.954102,6682.0
-2.740474,52.953995,6683.0
-2.740359,52.953896,6684.0
-2.740233,52.9538,6685.0
-2.740086,52.953712,6686.0
-2.73994,52.953629,6687.0
-2.73979,52.953548,6688.0
-2.739647,52.953461,6689.0
-2.73951,52.953377,6690.0
-2.73945,52.953346,6691.0
-2.739313,52.953228,6692.0
-2.739203,52.953125,6693.0
-2.739077,52.953018,6694.0
-2.738942,52.9529,6695.0
-2.738803,52.952778,6696.0
-2.738681,52.952663,6697.0
-2.73856,52.952549,6698.0
-2.73844,52.952435,6699.0
-2.738329,52.952324,6700.0
-2.738221,52.952209,6701.0
-2.738112,52.952099,6702.0
-2.738006,52.951992,6703.0
-2.737896,52.951881,6704.0
-2.737794,52.951774,6705.0
-2.737704,52.951672,6706.0
-2.737612,52.951569,6707.0
-2.737516,52.951466,6708.0
-2.737417,52.951366,6709.0
-2.737319,52.951275,6710.0
-2.737224,52.95118,6711.0
-2.737126,52.95108,6712.0
-2.737016,52.950985,6713.0
-2.736889,52.950886,6714.0
-2.736748,52.950783,6715.0
-2.736599,52.950683,6716.0
-2.736446,52.950577,6717.0
-2.736289,52.950466,6718.0
-2.736131,52.950356,6719.0
-2.735975,52.950241,6720.0
-2.735814,52.950123,6721.0
-2.735653,52.950008,6722.0
-2.735492,52.949894,6723.0
-2.735332,52.949779,6724.0
-2.735171,52.949661,6725.0
-2.735014,52.949543,6726.0
-2.734856,52.949425,6727.0
-2.734702,52.949306,6728.0
-2.734548,52.949188,6729.0
-2.73439,52.94907,6730.0
-2.734235,52.948952,6731.0
-2.734082,52.94883,6732.0
-2.733924,52.948707,6733.0
-2.733763,52.948586,6734.0
-2.733601,52.948463,6735.0
-2.733441,52.948338,6736.0
-2.733283,52.948215,6737.0
-2.733128,52.948097,6738.0
-2.732977,52.947983,6739.0
-2.732831,52.947872,6740.0
-2.73269,52.947765,6741.0
-2.732553,52.947662,6742.0
-2.732429,52.947555,6743.0
-2.73232,52.947445,6744.0
-2.732229,52.94733,6745.0
-2.732155,52.94722,6746.0
-2.732091,52.947109,6747.0
-2.732024,52.94701,6748.0
-2.731953,52.946918,6749.0
-2.731874,52.946835,6750.0
-2.731788,52.946754,6751.0
-2.731702,52.946674,6752.0
-2.73162,52.946594,6753.0
-2.731545,52.946503,6754.0
-2.73148,52.946411,6755.0
-2.731419,52.946308,6756.0
-2.731368,52.946209,6757.0
-2.731319,52.946106,6758.0
-2.731264,52.945995,6759.0
-2.73121,52.945885,6760.0
-2.731159,52.94577,6761.0
-2.731103,52.945656,6762.0
-2.73105,52.945538,6763.0
-2.731003,52.945419,6764.0
-2.730964,52.945305,6765.0
-2.730936,52.945183,6766.0
-2.730914,52.945065,6767.0
-2.730894,52.944946,6768.0
-2.730873,52.944828,6769.0
-2.730844,52.94471,6770.0
-2.730816,52.944588,6771.0
-2.730796,52.944477,6772.0
-2.730785,52.944363,6773.0
-2.73077,52.944244,6774.0
-2.730754,52.94413,6775.0
-2.730749,52.944008,6776.0
-2.730751,52.94389,6777.0
-2.730762,52.943764,6778.0
-2.730786,52.943642,6779.0
-2.730816,52.943512,6780.0
-2.730844,52.943386,6781.0
-2.730869,52.943256,6782.0
-2.730887,52.943127,6783.0
-2.730904,52.942993,6784.0
-2.73092,52.942863,6785.0
-2.730942,52.942737,6786.0
-2.730957,52.942612,6787.0
-2.73097,52.942482,6788.0
-2.730983,52.942352,6789.0
-2.730994,52.942222,6790.0
-2.731005,52.942097,6791.0
-2.731018,52.941971,6792.0
-2.731029,52.941845,6793.0
-2.731044,52.941715,6794.0
-2.731056,52.941589,6795.0
-2.731067,52.941467,6796.0
-2.731074,52.941341,6797.0
-2.731072,52.941215,6798.0
-2.731058,52.941086,6799.0
-2.731039,52.940952,6800.0
-2.731022,52.940819,6801.0
-2.731008,52.940689,6802.0
-2.731003,52.940567,6803.0
-2.731011,52.940449,6804.0
-2.731027,52.940331,6805.0
-2.731056,52.940212,6806.0
-2.731088,52.940094,6807.0
-2.731113,52.939968,6808.0
-2.73113,52.939842,6809.0
-2.731144,52.939712,6810.0
-2.731158,52.939587,6811.0
-2.731179,52.939453,6812.0
-2.731195,52.939323,6813.0
-2.731206,52.939194,6814.0
-2.731197,52.939075,6815.0
-2.731178,52.938961,6816.0
-2.731152,52.938843,6817.0
-2.731113,52.938724,6818.0
-2.731058,52.938606,6819.0
-2.730997,52.938484,6820.0
-2.730934,52.938362,6821.0
-2.730876,52.938236,6822.0
-2.730828,52.93811,6823.0
-2.730788,52.937984,6824.0
-2.730756,52.937858,6825.0
-2.730727,52.937729,6826.0
-2.730707,52.937599,6827.0
-2.7307,52.937466,6828.0
-2.730706,52.937325,6829.0
-2.730715,52.937183,6830.0
-2.730721,52.937046,6831.0
-2.730714,52.936905,6832.0
-2.730701,52.93676,6833.0
-2.730685,52.936615,6834.0
-2.730664,52.93647,6835.0
-2.730646,52.936321,6836.0
-2.730623,52.936176,6837.0
-2.730603,52.936028,6838.0
-2.730588,52.935882,6839.0
-2.73058,52.935741,6840.0
-2.73057,52.935596,6841.0
-2.730554,52.935463,6842.0
-2.730541,52.935333,6843.0
-2.730518,52.935211,6844.0
-2.730484,52.935085,6845.0
-2.73045,52.934959,6846.0
-2.7304,52.934837,6847.0
-2.730338,52.934711,6848.0
-2.730271,52.934593,6849.0
-2.730206,52.934475,6850.0
-2.730151,52.934353,6851.0
-2.73011,52.934235,6852.0
-2.730088,52.934109,6853.0
-2.730077,52.933983,6854.0
-2.730068,52.933853,6855.0
-2.730058,52.933723,6856.0
-2.730046,52.93359,6857.0
-2.730036,52.93346,6858.0
-2.730024,52.933338,6859.0
-2.730003,52.933216,6860.0
-2.729988,52.933098,6861.0
-2.729976,52.93298,6862.0
-2.729966,52.932865,6863.0
-2.729957,52.932758,6864.0
-2.729948,52.932655,6865.0
-2.729937,52.932567,6866.0
-2.729926,52.932476,6867.0
-2.729919,52.932384,6868.0
-2.729908,52.932289,6869.0
-2.729898,52.932201,6870.0
-2.729901,52.93211,6871.0
-2.72992,52.932022,6872.0
-2.729949,52.931927,6873.0
-2.729987,52.931835,6874.0
-2.730031,52.931744,6875.0
-2.730077,52.931652,6876.0
-2.730126,52.931568,6877.0
-2.730186,52.931492,6878.0
-2.730262,52.931438,6879.0
-2.730357,52.931393,6880.0
-2.730477,52.931362,6881.0
-2.730604,52.931354,6882.0
-2.730734,52.931354,6883.0
-2.730861,52.931358,6884.0
-2.730982,52.931366,6885.0
-2.731111,52.931358,6886.0
-2.731231,52.931332,6887.0
-2.731347,52.931297,6888.0
-2.731442,52.93124,6889.0
-2.731508,52.931175,6890.0
-2.731545,52.931095,6891.0
-2.731577,52.931007,6892.0
-2.731598,52.930977,6893.0
-2.731635,52.930866,6894.0
-2.73165,52.930756,6895.0
-2.731671,52.930633,6896.0
-2.731691,52.930508,6897.0
-2.73171,52.930382,6898.0
-2.731731,52.930256,6899.0
-2.731745,52.930134,6900.0
-2.731759,52.93,6901.0
-2.731774,52.929871,6902.0
-2.731783,52.929741,6903.0
-2.731786,52.929615,6904.0
-2.731779,52.929489,6905.0
-2.731768,52.929367,6906.0
-2.731755,52.929249,6907.0
-2.731742,52.92913,6908.0
-2.731737,52.929024,6909.0
-2.731724,52.928925,6910.0
-2.731711,52.928829,6911.0
-2.731696,52.928734,6912.0
-2.731661,52.928638,6913.0
-2.731603,52.928551,6914.0
-2.731524,52.928467,6915.0
-2.731428,52.928383,6916.0
-2.731312,52.928303,6917.0
-2.731185,52.928226,6918.0
-2.731049,52.92815,6919.0
-2.730914,52.92807,6920.0
-2.730782,52.92799,6921.0
-2.730655,52.92791,6922.0
-2.730543,52.927826,6923.0
-2.730451,52.927731,6924.0
-2.730371,52.927631,6925.0
-2.730312,52.927524,6926.0
-2.730275,52.92741,6927.0
-2.730262,52.927296,6928.0
-2.730253,52.927174,6929.0
-2.730276,52.927059,6930.0
-2.730322,52.926949,6931.0
-2.73037,52.926842,6932.0
-2.730409,52.926743,6933.0
-2.730422,52.92664,6934.0
-2.730418,52.92654,6935.0
-2.730397,52.926437,6936.0
-2.730367,52.926334,6937.0
-2.730333,52.926228,6938.0
-2.7303,52.926121,6939.0
-2.73027,52.926018,6940.0
-2.730242,52.925915,6941.0
-2.730219,52.925808,6942.0
-2.730197,52.925709,6943.0
-2.730177,52.92561,6944.0
-2.730154,52.925514,6945.0
-2.730139,52.925423,6946.0
-2.730122,52.925342,6947.0
-2.73011,52.92527,6948.0
-2.730104,52.925209,6949.0
-2.730101,52.925156,6950.0
-2.730096,52.925102,6951.0
-2.730095,52.925064,6952.0
-2.730094,52.92503,6953.0
-2.730095,52.925007,6954.0
-2.730096,52.924995,6955.0
-2.730097,52.924992,6956.0
-2.730099,52.924988,6957.0
-2.730101,52.924988,6958.0
-2.730101,52.924988,6959.0
-2.730101,52.924984,6960.0
-2.730102,52.924984,6961.0
-2.730103,52.924984,6962.0
-2.730103,52.924984,6963.0
-2.730103,52.924984,6964.0
-2.730103,52.924984,6965.0
-2.730103,52.924984,6966.0
-2.730103,52.924984,6967.0
-2.730103,52.924984,6968.0
-2.730104,52.924984,6969.0
-2.730104,52.924984,6970.0
-2.730104,52.924984,6971.0
-2.730104,52.924984,6972.0
-2.730104,52.924984,6973.0
-2.730105,52.92498,6974.0
-2.730105,52.92498,6975.0
-2.730105,52.92498,6976.0
-2.730105,52.92498,6977.0
-2.730106,52.92498,6978.0
-2.730106,52.92498,6979.0
-2.730106,52.92498,6980.0
-2.730106,52.92498,6981.0
-2.730106,52.92498,6982.0
-2.730106,52.92498,6983.0
-2.730106,52.92498,6984.0
-2.730107,52.92498,6985.0
-2.730106,52.92498,6986.0
-2.730107,52.92498,6987.0
-2.730107,52.92498,6988.0
-2.730107,52.92498,6989.0
-2.730106,52.92498,6990.0
-2.730107,52.92498,6991.0
-2.730107,52.92498,6992.0
-2.730107,52.924976,6993.0
-2.730107,52.924976,6994.0
-2.730107,52.924976,6995.0
-2.730107,52.924976,6996.0
-2.730107,52.924976,6997.0
-2.730107,52.924976,6998.0
-2.730107,52.924976,6999.0
-2.730107,52.924976,7000.0
-2.730107,52.924976,7001.0
-2.730107,52.924976,7002.0
-2.730115,52.924969,7003.0
-2.730128,52.92495,7004.0
-2.730154,52.924923,7005.0
-2.730169,52.924885,7006.0
-2.730186,52.924839,7007.0
-2.730202,52.924793,7008.0
-2.730218,52.92474,7009.0
-2.730233,52.924679,7010.0
-2.730257,52.92461,7011.0
-2.730276,52.924538,7012.0
-2.730295,52.924465,7013.0
-2.730314,52.924393,7014.0
-2.730333,52.924312,7015.0
-2.730352,52.924236,7016.0
-2.730372,52.924164,7017.0
-2.73039,52.924091,7018.0
-2.730407,52.924019,7019.0
-2.730419,52.923954,7020.0
-2.730431,52.923893,7021.0
-2.730436,52.923843,7022.0
-2.730432,52.923801,7023.0
-2.730418,52.923759,7024.0
-2.730383,52.923729,7025.0
-2.730284,52.923702,7026.0
-2.730204,52.923683,7027.0
-2.730104,52.923672,7028.0
-2.729993,52.923664,7029.0
-2.729874,52.923656,7030.0
-2.729747,52.923645,7031.0
-2.729623,52.923626,7032.0
-2.729495,52.923607,7033.0
-2.729373,52.923576,7034.0
-2.729255,52.923546,7035.0
-2.729147,52.923511,7036.0
-2.729049,52.923477,7037.0
-2.728956,52.923443,7038.0
-2.728869,52.923416,7039.0
-2.728779,52.923389,7040.0
-2.728672,52.923363,7041.0
-2.72856,52.923336,7042.0
-2.728441,52.923305,7043.0
-2.728321,52.923271,7044.0
-2.728197,52.923241,7045.0
-2.728063,52.92321,7046.0
-2.727926,52.92318,7047.0
-2.727789,52.923145,7048.0
-2.727654,52.923107,7049.0
-2.727513,52.923073,7050.0
-2.727367,52.923035,7051.0
-2.727216,52.923004,7052.0
-2.727062,52.922974,7053.0
-2.726904,52.922943,7054.0
-2.726745,52.922913,7055.0
-2.726588,52.922886,7056.0
-2.726429,52.922859,7057.0
-2.726268,52.922832,7058.0
-2.726106,52.922806,7059.0
-2.725945,52.922779,7060.0
-2.725786,52.922756,7061.0
-2.725627,52.922733,7062.0
-2.725473,52.92271,7063.0
-2.725324,52.922691,7064.0
-2.725196,52.922684,7065.0
-2.725084,52.922672,7066.0
-2.724996,52.922665,7067.0
-2.724925,52.922657,7068.0
-2.724878,52.922653,7069.0
-2.724853,52.922653,7070.0
-2.724839,52.922649,7071.0
-2.72483,52.922642,7072.0
-2.724818,52.92263,7073.0
-2.724811,52.922607,7074.0
-2.724823,52.922577,7075.0
-2.724843,52.922546,7076.0
-2.724872,52.922512,7077.0
-2.724902,52.922462,7078.0
-2.724941,52.922409,7079.0
-2.724963,52.92234,7080.0
-2.724985,52.922264,7081.0
-2.725,52.922176,7082.0
-2.725004,52.922085,7083.0
-2.725001,52.921993,7084.0
-2.724994,52.921909,7085.0
-2.724996,52.921822,7086.0
-2.725006,52.921741,7087.0
-2.725037,52.921658,7088.0
-2.725075,52.92157,7089.0
-2.725119,52.921482,7090.0
-2.725161,52.921391,7091.0
-2.725206,52.921299,7092.0
-2.725253,52.921204,7093.0
-2.725305,52.921104,7094.0
-2.725355,52.921009,7095.0
-2.725411,52.920914,7096.0
-2.725475,52.920818,7097.0
-2.725549,52.92073,7098.0
-2.725616,52.920639,7099.0
-2.725704,52.920547,7100.0
-2.725798,52.920452,7101.0
-2.725892,52.920357,7102.0
-2.72599,52.920269,7103.0
-2.726094,52.920177,7104.0
-2.726203,52.920078,7105.0
-2.726297,52.919983,7106.0
-2.726385,52.919884,7107.0
-2.72647,52.919784,7108.0
-2.726554,52.919685,7109.0
-2.726635,52.919586,7110.0
-2.726717,52.919495,7111.0
-2.726796,52.919403,7112.0
-2.726866,52.919311,7113.0
-2.726923,52.919212,7114.0
-2.726975,52.919113,7115.0
-2.727019,52.91901,7116.0
-2.727063,52.918911,7117.0
-2.727116,52.918819,7118.0
-2.727177,52.918724,7119.0
-2.72724,52.918629,7120.0
-2.727302,52.918533,7121.0
-2.727355,52.918434,7122.0
-2.727398,52.918339,7123.0
-2.727438,52.918243,7124.0
-2.727475,52.91814,7125.0
-2.727507,52.918041,7126.0
-2.727537,52.917942,7127.0
-2.727565,52.917843,7128.0
-2.727597,52.917744,7129.0
-2.727631,52.917648,7130.0
-2.727675,52.917557,7131.0
-2.727727,52.917469,7132.0
-2.727787,52.917385,7133.0
-2.727849,52.917301,7134.0
-2.727908,52.917217,7135.0
-2.72795,52.91713,7136.0
-2.727979,52.917034,7137.0
-2.727998,52.916939,7138.0
-2.728018,52.916843,7139.0
-2.728042,52.91674,7140.0
-2.72807,52.916641,7141.0
-2.728099,52.916538,7142.0
-2.728133,52.916431,7143.0
-2.72817,52.916328,7144.0
-2.728213,52.916222,7145.0
-2.728264,52.916119,7146.0
-2.728314,52.916016,7147.0
-2.728356,52.91592,7148.0
-2.728395,52.915825,7149.0
-2.728434,52.915729,7150.0
-2.72846,52.915634,7151.0
-2.728488,52.915535,7152.0
-2.728541,52.91544,7153.0
-2.728606,52.91534,7154.0
-2.728693,52.915241,7155.0
-2.728792,52.91515,7156.0
-2.728899,52.91505,7157.0
-2.729001,52.914947,7158.0
-2.729093,52.914841,7159.0
-2.729172,52.914726,7160.0
-2.729244,52.914616,7161.0
-2.729308,52.914497,7162.0
-2.729365,52.914383,7163.0
-2.729426,52.914261,7164.0
-2.729491,52.914139,7165.0
-2.729555,52.91402,7166.0
-2.729623,52.913898,7167.0
-2.729694,52.913776,7168.0
-2.729769,52.913651,7169.0
-2.729845,52.913528,7170.0
-2.729932,52.913406,7171.0
-2.730022,52.913292,7172.0
-2.73012,52.913177,7173.0
-2.730209,52.913067,7174.0
-2.730295,52.912952,7175.0
-2.730366,52.912834,7176.0
-2.730428,52.912716,7177.0
-2.730489,52.912609,7178.0
-2.730539,52.912506,7179.0
-2.730592,52.912411,7180.0
-2.730647,52.912319,7181.0
-2.730729,52.912228,7182.0
-2.730806,52.912174,7183.0
-2.730913,52.912109,7184.0
-2.731022,52.912048,7185.0
-2.731125,52.911987,7186.0
-2.731218,52.911911,7187.0
-2.731285,52.911831,7188.0
-2.731338,52.911739,7189.0
-2.731358,52.911644,7190.0
-2.731336,52.911541,7191.0
-2.731306,52.911438,7192.0
-2.731262,52.911339,7193.0
-2.731219,52.91124,7194.0
-2.731184,52.911148,7195.0
-2.73116,52.911064,7196.0
-2.731147,52.910992,7197.0
-2.731152,52.910931,7198.0
-2.731186,52.910889,7199.0
-2.73125,52.910847,7200.0
-2.73135,52.91082,7201.0
-2.731476,52.910812,7202.0
-2.731611,52.910816,7203.0
-2.731752,52.910831,7204.0
-2.731895,52.910847,7205.0
-2.73205,52.910858,7206.0
-2.732217,52.910866,7207.0
-2.732389,52.910858,7208.0
-2.732567,52.910847,7209.0
-2.732756,52.910824,7210.0
-2.733003,52.910778,7211.0
-2.73319,52.910747,7212.0
-2.733388,52.910709,7213.0
-2.733582,52.910667,7214.0
-2.733766,52.910625,7215.0
-2.733937,52.910583,7216.0
-2.734092,52.910538,7217.0
-2.734236,52.910496,7218.0
-2.73437,52.910458,7219.0
-2.734505,52.910438,7220.0
-2.734651,52.910438,7221.0
-2.734802,52.910454,7222.0
-2.734955,52.910477,7223.0
-2.735114,52.910511,7224.0
-2.735281,52.910545,7225.0
-2.735456,52.91058,7226.0
-2.735636,52.910622,7227.0
-2.73582,52.91066,7228.0
-2.736008,52.910702,7229.0
-2.736199,52.91074,7230.0
-2.736393,52.910778,7231.0
-2.736589,52.910816,7232.0
-2.736786,52.910851,7233.0
-2.736976,52.910889,7234.0
-2.737166,52.910923,7235.0
-2.73735,52.910957,7236.0
-2.737525,52.910988,7237.0
-2.737693,52.911015,7238.0
-2.737859,52.911041,7239.0
-2.73802,52.911049,7240.0
-2.73818,52.911057,7241.0
-2.738335,52.911045,7242.0
-2.738487,52.911026,7243.0
-2.738634,52.910992,7244.0
-2.738774,52.910957,7245.0
-2.738917,52.910927,7246.0
-2.739069,52.910908,7247.0
-2.739226,52.910908,7248.0
-2.739391,52.910919,7249.0
-2.739564,52.910934,7250.0
-2.739741,52.91095,7251.0
-2.739921,52.910965,7252.0
-2.740102,52.91098,7253.0
-2.740284,52.910995,7254.0
-2.740463,52.911011,7255.0
-2.740635,52.911026,7256.0
-2.740801,52.911037,7257.0
-2.740966,52.911037,7258.0
-2.741138,52.91103,7259.0
-2.741314,52.911015,7260.0
-2.741489,52.910988,7261.0
-2.741665,52.910957,7262.0
-2.741836,52.910927,7263.0
-2.742007,52.9109,7264.0
-2.742175,52.910881,7265.0
-2.742333,52.910866,7266.0
-2.742485,52.910866,7267.0
-2.742632,52.910881,7268.0
-2.742775,52.910908,7269.0
-2.742914,52.910946,7270.0
-2.743045,52.910984,7271.0
-2.743173,52.911018,7272.0
-2.743304,52.911053,7273.0
-2.743448,52.911064,7274.0
-2.743602,52.911064,7275.0
-2.743753,52.911057,7276.0
-2.743903,52.911034,7277.0
-2.744053,52.911003,7278.0
-2.744204,52.910957,7279.0
-2.744361,52.910911,7280.0
-2.74453,52.910869,7281.0
-2.744712,52.910835,7282.0
-2.744904,52.910812,7283.0
-2.745105,52.910789,7284.0
-2.74531,52.910774,7285.0
-2.745513,52.910759,7286.0
-2.745713,52.910744,7287.0
-2.745909,52.910721,7288.0
-2.746099,52.91069,7289.0
-2.746278,52.910656,7290.0
-2.746452,52.910622,7291.0
-2.746618,52.91058,7292.0
-2.746774,52.910526,7293.0
-2.746924,52.910465,7294.0
-2.747074,52.9104,7295.0
-2.74722,52.910339,7296.0
-2.747362,52.910274,7297.0
-2.747497,52.910217,7298.0
-2.747636,52.91016,7299.0
-2.747774,52.910103,7300.0
-2.747918,52.910057,7301.0
-2.748061,52.910019,7302.0
-2.748209,52.909985,7303.0
-2.748357,52.909946,7304.0
-2.748505,52.909908,7305.0
-2.748652,52.909863,7306.0
-2.748794,52.909809,7307.0
-2.748932,52.909748,7308.0
-2.749065,52.909679,7309.0
-2.749198,52.909607,7310.0
-2.749324,52.909527,7311.0
-2.749451,52.909443,7312.0
-2.749575,52.909351,7313.0
-2.749698,52.909256,7314.0
-2.749826,52.909153,7315.0
-2.749953,52.90905,7316.0
-2.75008,52.908947,7317.0
-2.750205,52.908848,7318.0
-2.750327,52.908745,7319.0
-2.750445,52.908642,7320.0
-2.750564,52.908543,7321.0
-2.750676,52.90844,7322.0
-2.750778,52.90834,7323.0
-2.750876,52.908249,7324.0
-2.751098,52.908009,7325.0
-2.751098,52.908009,7326.0
-2.751143,52.907925,7327.0
-2.751143,52.907925,7328.0
-2.751183,52.907833,7329.0
-2.751206,52.907745,7330.0
-2.751218,52.907658,7331.0
-2.751211,52.90757,7332.0
-2.751182,52.907478,7333.0
-2.751119,52.907394,7334.0
-2.751029,52.907318,7335.0
-2.750936,52.907249,7336.0
-2.750846,52.907185,7337.0
-2.750768,52.907131,7338.0
-2.750701,52.907082,7339.0
-2.750657,52.907032,7340.0
-2.750633,52.906979,7341.0
-2.750638,52.906917,7342.0
-2.750648,52.906857,7343.0
-2.750674,52.906784,7344.0
-2.750711,52.906708,7345.0
-2.750742,52.906624,7346.0
-2.750774,52.906536,7347.0
-2.750804,52.906441,7348.0
-2.750843,52.906342,7349.0
-2.750881,52.906246,7350.0
-2.750922,52.906158,7351.0
-2.750958,52.906075,7352.0
-2.751013,52.905991,7353.0
-2.751076,52.905907,7354.0
-2.751151,52.905819,7355.0
-2.751227,52.905731,7356.0
-2.751305,52.905643,7357.0
-2.751373,52.905552,7358.0
-2.751415,52.905468,7359.0
-2.751433,52.905384,7360.0
-2.751441,52.905296,7361.0
-2.751444,52.905216,7362.0
-2.751461,52.905136,7363.0
-2.751482,52.90506,7364.0
-2.751521,52.90498,7365.0
-2.751579,52.904907,7366.0
-2.751658,52.904842,7367.0
-2.751741,52.904785,7368.0
-2.751835,52.904728,7369.0
-2.751939,52.904667,7370.0
-2.752047,52.90461,7371.0
-2.752157,52.904545,7372.0
-2.752274,52.904472,7373.0
-2.752385,52.904396,7374.0
-2.752494,52.904312,7375.0
-2.752604,52.904228,7376.0
-2.752717,52.904144,7377.0
-2.752832,52.90406,7378.0
-2.752946,52.903976,7379.0
-2.753058,52.903896,7380.0
-2.75317,52.90382,7381.0
-2.753282,52.903744,7382.0
-2.753397,52.903679,7383.0
-2.753507,52.903625,7384.0
-2.753622,52.903584,7385.0
-2.753749,52.903584,7386.0
-2.753897,52.903576,7387.0
-2.754054,52.903572,7388.0
-2.754223,52.903564,7389.0
-2.754396,52.903549,7390.0
-2.754574,52.90353,7391.0
-2.754756,52.903507,7392.0
-2.754939,52.903488,7393.0
-2.755118,52.903465,7394.0
-2.755292,52.903446,7395.0
-2.755465,52.903427,7396.0
-2.755634,52.903412,7397.0
-2.755794,52.903393,7398.0
-2.755943,52.903381,7399.0
-2.756052,52.903362,7400.0
-2.756146,52.903351,7401.0
-2.756226,52.903343,7402.0
-2.75629,52.903332,7403.0
-2.756361,52.903324,7404.0
-2.75645,52.903316,7405.0
-2.756553,52.903305,7406.0
-2.756674,52.903297,7407.0
-2.756803,52.90329,7408.0
-2.75694,52.903278,7409.0
-2.757083,52.903263,7410.0
-2.75723,52.903248,7411.0
-2.757377,52.903233,7412.0
-2.757523,52.903217,7413.0
-2.757663,52.903206,7414.0
-2.757799,52.903202,7415.0
-2.757935,52.90321,7416.0
-2.758069,52.903221,7417.0
-2.758201,52.90324,7418.0
-2.758332,52.903267,7419.0
-2.758463,52.903301,7420.0
-2.758599,52.903335,7421.0
-2.758736,52.903366,7422.0
-2.758878,52.9034,7423.0
-2.759024,52.903427,7424.0
-2.759163,52.90345,7425.0
-2.759295,52.903477,7426.0
-2.759423,52.9035,7427.0
-2.759553,52.903522,7428.0
-2.759686,52.903542,7429.0
-2.759825,52.903568,7430.0
-2.75997,52.903591,7431.0
-2.760115,52.903614,7432.0
-2.760269,52.903641,7433.0
-2.760427,52.903667,7434.0
-2.760591,52.903698,7435.0
-2.760762,52.903732,7436.0
-2.760938,52.903767,7437.0
-2.761117,52.903801,7438.0
-2.761293,52.903831,7439.0
-2.761463,52.903866,7440.0
-2.761624,52.903896,7441.0
-2.761773,52.903923,7442.0
-2.761912,52.90395,7443.0
-2.762043,52.903973,7444.0
-2.762178,52.903984,7445.0
-2.762312,52.903973,7446.0
-2.76244,52.903954,7447.0
-2.762542,52.903915,7448.0
-2.76265,52.90385,7449.0
-2.762751,52.903774,7450.0
-2.762848,52.90369,7451.0
-2.762941,52.903599,7452.0
-2.763032,52.903503,7453.0
-2.763113,52.903408,7454.0
-2.763183,52.903309,7455.0
-2.763245,52.903206,7456.0
-2.763302,52.903099,7457.0
-2.763358,52.902996,7458.0
-2.763415,52.902885,7459.0
-2.763457,52.902775,7460.0
-2.763492,52.90266,7461.0
-2.763518,52.902546,7462.0
-2.763533,52.902431,7463.0
-2.763538,52.902317,7464.0
-2.763523,52.902206,7465.0
-2.763494,52.902096,7466.0
-2.763465,52.901981,7467.0
-2.76345,52.901863,7468.0
-2.763446,52.901745,7469.0
-2.763447,52.901623,7470.0
-2.763453,52.901501,7471.0
-2.763463,52.901382,7472.0
-2.763483,52.90126,7473.0
-2.763518,52.901134,7474.0
-2.763565,52.901012,7475.0
-2.763618,52.90089,7476.0
-2.763673,52.900768,7477.0
-2.763726,52.90065,7478.0
-2.763775,52.900532,7479.0
-2.76382,52.900413,7480.0
-2.763861,52.900303,7481.0
-2.763901,52.900192,7482.0
-2.76394,52.900093,7483.0
-2.763976,52.900002,7484.0
-2.764006,52.899921,7485.0
-2.764031,52.899849,7486.0
-2.764043,52.89978,7487.0
-2.764033,52.899715,7488.0
-2.764003,52.899647,7489.0
-2.763948,52.899578,7490.0
-2.763875,52.899513,7491.0
-2.763791,52.899445,7492.0
-2.763697,52.899376,7493.0
-2.763599,52.899307,7494.0
-2.763511,52.899239,7495.0
-2.76344,52.899162,7496.0
-2.763391,52.899082,7497.0
-2.76337,52.898991,7498.0
-2.763355,52.898907,7499.0
-2.76334,52.898823,7500.0
-2.76331,52.898739,7501.0
-2.763261,52.898655,7502.0
-2.763192,52.898579,7503.0
-2.763118,52.898502,7504.0
-2.763044,52.89843,7505.0
-2.762965,52.898357,7506.0
-2.762878,52.898289,7507.0
-2.762778,52.898224,7508.0
-2.762672,52.898163,7509.0
-2.762557,52.898106,7510.0
-2.762449,52.898041,7511.0
-2.762344,52.897976,7512.0
-2.762244,52.897903,7513.0
-2.762147,52.897831,7514.0
-2.762053,52.897751,7515.0
-2.761959,52.897667,7516.0
-2.761867,52.897583,7517.0
-2.761773,52.897495,7518.0
-2.761681,52.897407,7519.0
-2.761586,52.89732,7520.0
-2.761485,52.897232,7521.0
-2.761381,52.897137,7522.0
-2.761271,52.897038,7523.0
-2.761158,52.896938,7524.0
-2.76104,52.896831,7525.0
-2.760919,52.896725,7526.0
-2.760794,52.89661,7527.0
-2.760666,52.896496,7528.0
-2.760535,52.896381,7529.0
-2.760401,52.896263,7530.0
-2.760266,52.896141,7531.0
-2.760128,52.896019,7532.0
-2.759988,52.895897,7533.0
-2.759851,52.895779,7534.0
-2.759715,52.895653,7535.0
-2.759575,52.895527,7536.0
-2.759432,52.895401,7537.0
-2.759293,52.895271,7538.0
-2.75915,52.895145,7539.0
-2.759005,52.895016,7540.0
-2.758857,52.894894,7541.0
-2.758709,52.894768,7542.0
-2.758561,52.894642,7543.0
-2.758413,52.89452,7544.0
-2.758265,52.894394,7545.0
-2.758114,52.894268,7546.0
-2.757961,52.894142,7547.0
-2.757805,52.894009,7548.0
-2.757648,52.893879,7549.0
-2.757485,52.893749,7550.0
-2.757327,52.893616,7551.0
-2.757169,52.893486,7552.0
-2.757013,52.893352,7553.0
-2.756855,52.893219,7554.0
-2.7567,52.893082,7555.0
-2.756547,52.892948,7556.0
-2.75639,52.892815,7557.0
-2.75623,52.892685,7558.0
-2.75607,52.892551,7559.0
-2.755919,52.892418,7560.0
-2.755767,52.892288,7561.0
-2.755615,52.892162,7562.0
-2.755467,52.892033,7563.0
-2.755317,52.891911,7564.0
-2.755171,52.891788,7565.0
-2.755028,52.89167,7566.0
-2.754893,52.891556,7567.0
-2.754765,52.891441,7568.0
-2.754632,52.891327,7569.0
-2.754497,52.89122,7570.0
-2.754367,52.891117,7571.0
-2.754235,52.891014,7572.0
-2.754116,52.890919,7573.0
-2.753996,52.890827,7574.0
-2.753881,52.890732,7575.0
-2.753771,52.890633,7576.0
-2.753666,52.89053,7577.0
-2.753568,52.890423,7578.0
-2.75349,52.890316,7579.0
-2.753427,52.890202,7580.0
-2.753379,52.890076,7581.0
-2.753323,52.889946,7582.0
-2.753271,52.889812,7583.0
-2.753213,52.889679,7584.0
-2.753154,52.889542,7585.0
-2.753096,52.889404,7586.0
-2.753039,52.889263,7587.0
-2.752968,52.88913,7588.0
-2.752889,52.889,7589.0
-2.752798,52.888874,7590.0
-2.752698,52.888756,7591.0
-2.752588,52.888634,7592.0
-2.75247,52.888515,7593.0
-2.752346,52.888397,7594.0
-2.752221,52.888275,7595.0
-2.752102,52.888157,7596.0
-2.75198,52.888039,7597.0
-2.751868,52.88792,7598.0
-2.751762,52.887798,7599.0
-2.751658,52.887676,7600.0
-2.751557,52.887554,7601.0
-2.75146,52.887432,7602.0
-2.751361,52.887314,7603.0
-2.75126,52.887192,7604.0
-2.751159,52.887066,7605.0
-2.751065,52.88694,7606.0
-2.75098,52.886806,7607.0
-2.750904,52.886673,7608.0
-2.750832,52.886532,7609.0
-2.750762,52.886387,7610.0
-2.750688,52.886238,7611.0
-2.750611,52.886089,7612.0
-2.750531,52.88594,7613.0
-2.750455,52.885788,7614.0
-2.75038,52.885635,7615.0
-2.750298,52.885487,7616.0
-2.750213,52.885334,7617.0
-2.750132,52.885181,7618.0
-2.750057,52.885029,7619.0
-2.749986,52.884884,7620.0
-2.749921,52.884739,7621.0
-2.749855,52.884594,7622.0
-2.749792,52.884453,7623.0
-2.749722,52.884312,7624.0
-2.749637,52.884159,7625.0
-2.74956,52.884014,7626.0
-2.749479,52.883865,7627.0
-2.749404,52.883716,7628.0
-2.749333,52.883568,7629.0
-2.749264,52.883419,7630.0
-2.749191,52.88327,7631.0
-2.749126,52.883121,7632.0
-2.749066,52.882976,7633.0
-2.749023,52.882832,7634.0
-2.748978,52.88269,7635.0
-2.748935,52.882553,7636.0
-2.748894,52.882431,7637.0
-2.748856,52.882313,7638.0
-2.748826,52.882202,7639.0
-2.7488,52.882095,7640.0
-2.748775,52.881992,7641.0
-2.748746,52.881886,7642.0
-2.748713,52.881782,7643.0
-2.748672,52.881676,7644.0
-2.748631,52.881569,7645.0
-2.748595,52.881462,7646.0
-2.748549,52.881355,7647.0
-2.748485,52.881248,7648.0
-2.748402,52.881142,7649.0
-2.748303,52.881035,7650.0
-2.748195,52.880928,7651.0
-2.748085,52.880817,7652.0
-2.747986,52.880703,7653.0
-2.747901,52.880585,7654.0
-2.747833,52.880463,7655.0
-2.747778,52.880333,7656.0
-2.74773,52.880196,7657.0
-2.747685,52.880058,7658.0
-2.747641,52.879917,7659.0
-2.747595,52.879776,7660.0
-2.74755,52.879639,7661.0
-2.747506,52.879505,7662.0
-2.747461,52.879375,7663.0
-2.747417,52.879253,7664.0
-2.747382,52.879128,7665.0
-2.747356,52.879002,7666.0
-2.747335,52.878876,7667.0
-2.747318,52.87875,7668.0
-2.747306,52.878624,7669.0
-2.747291,52.878494,7670.0
-2.747272,52.878368,7671.0
-2.74726,52.878239,7672.0
-2.747249,52.878109,7673.0
-2.747237,52.877975,7674.0
-2.747226,52.877842,7675.0
-2.747209,52.877705,7676.0
-2.747195,52.877563,7677.0
-2.747188,52.877426,7678.0
-2.747187,52.877289,7679.0
-2.747194,52.877151,7680.0
-2.747208,52.877022,7681.0
-2.74722,52.876896,7682.0
-2.747223,52.87677,7683.0
-2.747211,52.876648,7684.0
-2.747178,52.87653,7685.0
-2.747128,52.876408,7686.0
-2.747065,52.876289,7687.0
-2.746989,52.87616,7688.0
-2.7469,52.876034,7689.0
-2.746796,52.875908,7690.0
-2.746694,52.875774,7691.0
-2.746576,52.875641,7692.0
-2.74646,52.875504,7693.0
-2.746345,52.875366,7694.0
-2.746231,52.875229,7695.0
-2.746119,52.875092,7696.0
-2.746006,52.874958,7697.0
-2.745897,52.874825,7698.0
-2.745791,52.874695,7699.0
-2.74569,52.874569,7700.0
-2.745584,52.874447,7701.0
-2.74549,52.874332,7702.0
-2.745405,52.874229,7703.0
-2.745339,52.874126,7704.0
-2.745297,52.874023,7705.0
-2.745274,52.87392,7706.0
-2.745273,52.873814,7707.0
-2.745288,52.873711,7708.0
-2.745314,52.873608,7709.0
-2.745343,52.873516,7710.0
-2.745368,52.873421,7711.0
-2.745398,52.873322,7712.0
-2.745424,52.873222,7713.0
-2.745447,52.873123,7714.0
-2.745462,52.873024,7715.0
-2.745461,52.872917,7716.0
-2.745451,52.87281,7717.0
-2.74544,52.8727,7718.0
-2.745426,52.872593,7719.0
-2.745407,52.87249,7720.0
-2.745381,52.872383,7721.0
-2.745346,52.87228,7722.0
-2.7453,52.872169,7723.0
-2.745251,52.872063,7724.0
-2.745197,52.87196,7725.0
-2.745141,52.871857,7726.0
-2.745088,52.871758,7727.0
-2.745035,52.871654,7728.0
-2.74498,52.871552,7729.0
-2.744921,52.871445,7730.0
-2.74485,52.871342,7731.0
-2.744761,52.871239,7732.0
-2.744651,52.871136,7733.0
-2.744553,52.871033,7734.0
-2.744461,52.870937,7735.0
-2.744357,52.87085,7736.0
-2.74426,52.870754,7737.0
-2.744161,52.870666,7738.0
-2.744057,52.870582,7739.0
-2.743955,52.87051,7740.0
-2.74386,52.870445,7741.0
-2.743769,52.870392,7742.0
-2.743684,52.87035,7743.0
-2.743616,52.870308,7744.0
-2.743561,52.870277,7745.0
-2.743515,52.870255,7746.0
-2.74348,52.870247,7747.0
-2.74346,52.870239,7748.0
-2.743446,52.870235,7749.0
-2.743426,52.870235,7750.0
-2.743387,52.870228,7751.0
-2.743329,52.870228,7752.0
-2.743259,52.870228,7753.0
-2.743187,52.870232,7754.0
-2.743105,52.870235,7755.0
-2.743019,52.870243,7756.0
-2.742932,52.870251,7757.0
-2.742852,52.870255,7758.0
-2.74278,52.870255,7759.0
-2.742722,52.870247,7760.0
-2.74266,52.870224,7761.0
-2.742614,52.870197,7762.0
-2.742574,52.870155,7763.0
-2.742542,52.870102,7764.0
-2.742494,52.870041,7765.0
-2.742442,52.869976,7766.0
-2.742391,52.869907,7767.0
-2.742333,52.869831,7768.0
-2.742278,52.869747,7769.0
-2.742218,52.869667,7770.0
-2.742159,52.869576,7771.0
-2.742096,52.869484,7772.0
-2.742034,52.869385,7773.0
-2.741968,52.869285,7774.0
-2.741904,52.869186,7775.0
-2.741842,52.869079,7776.0
-2.741787,52.868973,7777.0
-2.741733,52.868866,7778.0
-2.741679,52.868759,7779.0
-2.741621,52.868652,7780.0
-2.741562,52.868546,7781.0
-2.741504,52.868439,7782.0
-2.741442,52.868336,7783.0
-2.741381,52.868233,7784.0
-2.74132,52.86813,7785.0
-2.741256,52.868023,7786.0
-2.741188,52.86792,7787.0
-2.741112,52.867821,7788.0
-2.741025,52.867722,7789.0
-2.74095,52.867618,7790.0
-2.740881,52.867523,7791.0
-2.740813,52.867428,7792.0
-2.740763,52.867325,7793.0
-2.740725,52.867222,7794.0
-2.740709,52.867123,7795.0
-2.740704,52.86702,7796.0
-2.740716,52.866924,7797.0
-2.740734,52.866833,7798.0
-2.740751,52.866745,7799.0
-2.740758,52.866665,7800.0
-2.740762,52.866657,7801.0
-2.740742,52.866562,7802.0
-2.74071,52.866474,7803.0
-2.740644,52.866394,7804.0
-2.740576,52.866314,7805.0
-2.740497,52.86623,7806.0
-2.740441,52.866142,7807.0
-2.740382,52.866066,7808.0
-2.74032,52.865967,7809.0
-2.740265,52.86589,7810.0
-2.740206,52.865818,7811.0
-2.740127,52.865749,7812.0
-2.740035,52.865681,7813.0
-2.739923,52.865612,7814.0
-2.73981,52.865539,7815.0
-2.739693,52.865482,7816.0
-2.73958,52.865417,7817.0
-2.739458,52.865356,7818.0
-2.739346,52.865295,7819.0
-2.739229,52.865234,7820.0
-2.739107,52.865173,7821.0
-2.738976,52.865116,7822.0
-2.738839,52.865059,7823.0
-2.738695,52.864998,7824.0
-2.738541,52.864933,7825.0
-2.738381,52.864876,7826.0
-2.738226,52.864815,7827.0
-2.738071,52.864754,7828.0
-2.737921,52.864689,7829.0
-2.737781,52.86462,7830.0
-2.737651,52.864548,7831.0
-2.737532,52.864475,7832.0
-2.737425,52.864395,7833.0
-2.737312,52.864319,7834.0
-2.737185,52.864246,7835.0
-2.737049,52.864174,7836.0
-2.736901,52.864105,7837.0
-2.736746,52.864036,7838.0
-2.736585,52.863964,7839.0
-2.736421,52.863892,7840.0
-2.736254,52.863819,7841.0
-2.736089,52.863747,7842.0
-2.735923,52.863674,7843.0
-2.735761,52.863602,7844.0
-2.735599,52.863533,7845.0
-2.735438,52.863464,7846.0
-2.735277,52.863392,7847.0
-2.735114,52.863319,7848.0
-2.734955,52.863251,7849.0
-2.734802,52.863174,7850.0
-2.734647,52.863102,7851.0
-2.734502,52.863033,7852.0
-2.734355,52.862961,7853.0
-2.734209,52.862888,7854.0
-2.734068,52.862816,7855.0
-2.733924,52.862743,7856.0
-2.733771,52.862667,7857.0
-2.733606,52.862602,7858.0
-2.73344,52.862537,7859.0
-2.733281,52.862476,7860.0
-2.733122,52.862411,7861.0
-2.73297,52.862347,7862.0
-2.732824,52.862286,7863.0
-2.73269,52.862221,7864.0
-2.732567,52.862152,7865.0
-2.732455,52.862076,7866.0
-2.732356,52.861996,7867.0
-2.732273,52.861912,7868.0
-2.732207,52.861828,7869.0
-2.73216,52.861736,7870.0
-2.732136,52.861641,7871.0
-2.732122,52.861542,7872.0
-2.732108,52.861443,7873.0
-2.73209,52.861343,7874.0
-2.732073,52.861248,7875.0
-2.732068,52.861149,7876.0
-2.732076,52.861053,7877.0
-2.732097,52.860954,7878.0
-2.732126,52.860855,7879.0
-2.732168,52.860756,7880.0
-2.732216,52.860657,7881.0
-2.732262,52.860561,7882.0
-2.732315,52.860466,7883.0
-2.73237,52.860371,7884.0
-2.732426,52.860275,7885.0
-2.732483,52.860184,7886.0
-2.732541,52.860088,7887.0
-2.732599,52.859997,7888.0
-2.732651,52.859909,7889.0
-2.732698,52.859829,7890.0
-2.732738,52.859756,7891.0
-2.732765,52.859688,7892.0
